user_id,Content
user-human,"The sun dipped below the horizon, painting the sky in hues of amber and rose. I sat on the porch, coffee in hand, watching the neighborhood slowly go quiet."
user-human,can we talk about gene editing ethics for a sec because i feel like people are completely missing the point here. this is bigger than most realize
user-gemini,update on election integrity concerns- it is complicated and anyone telling you otherwise is selling something. do your own research please
user-human,"Analysts are closely watching developments related to climate change adaptation strategies, noting that recent events mark a potential turning point. The situation underscores long-standing structural issues that have resisted easy solutions. Observers remain cautiously optimistic about prospects for reform."
user-gpt,"This paper examines genomic research breakthroughs through a critical lens, drawing on empirical evidence gathered over a two-year period. The findings suggest that existing frameworks are insufficient to explain observed phenomena. We propose a revised model that accounts for contextual variability and systemic factors previously overlooked in the literature."
user-gpt,"Existing literature on student debt crisis has predominantly relied on cross-sectional designs, limiting causal inference. The present research addresses this gap through a prospective cohort study spanning three years. Preliminary results indicate a statistically significant association (p less than 0.05) between key variables."
user-human,"The concept of biodiversity loss occupies a contested space within contemporary scholarly discourse. Divergent theoretical frameworks have produced inconsistent empirical findings, underscoring the need for methodological standardization. This paper proposes an integrative framework to reconcile competing interpretations."
user-human,"The relationship between supply chain disruptions and broader societal outcomes remains poorly understood despite growing interest in the field. This study contributes to the literature by analyzing a dataset of 1,200 cases across five geographic regions. Results indicate statistically significant correlations, though causality cannot be established from observational data alone."
user-human,"breaking- autonomous vehicle safety. Sources close to the matter told reporters the situation developed rapidly over the past 48 hours. No official statement has been released, though a press conference is expected later today."
user-gpt,Local authorities are responding to reports that public transit investment. Emergency services were alerted at approximately 9 AM. The incident is under investigation. Residents in nearby areas have been asked to remain indoors as a precaution.
user-human,"This study investigates the multifaceted dimensions of climate change adaptation strategies, employing a mixed-methods approach to capture both quantitative patterns and qualitative nuances. The findings contribute to an evolving body of literature that challenges reductive theoretical models. Further longitudinal research is recommended to assess causal mechanisms."
user-gpt,"Officials confirmed on Tuesday that space exploration milestones. The announcement came after weeks of speculation. Critics argue the move is premature, while supporters say it was long overdue. Public response has been divided along predictable lines."
user-gpt,"Existing literature on gig economy labor rights has predominantly relied on cross-sectional designs, limiting causal inference. The present research addresses this gap through a prospective cohort study spanning three years. Preliminary results indicate a statistically significant association (p less than 0.05) between key variables."
user-human,The discourse around urban housing shortages has become so exhausting. Can we please acknowledge the complexity here instead of reducing it to talking points?
user-human,can we talk about urban housing shortages for a sec because i feel like people are completely missing the point here. this is bigger than most realize
user-human,update on election integrity concerns- it is complicated and anyone telling you otherwise is selling something. do your own research please
user-human,Local authorities are responding to reports that remote work productivity. Emergency services were alerted at approximately 9 AM. The incident is under investigation. Residents in nearby areas have been asked to remain indoors as a precaution.
user-human,"This paper examines cryptocurrency market volatility through a critical lens, drawing on empirical evidence gathered over a two-year period. The findings suggest that existing frameworks are insufficient to explain observed phenomena. We propose a revised model that accounts for contextual variability and systemic factors previously overlooked in the literature."
user-gemini,An investigation into autonomous vehicle safety has uncovered new details that challenge the official narrative. Documents obtained through a freedom of information request suggest the issue is more complex than initially reported. Several key witnesses have declined to comment.
user-human,"A growing body of research underscores the salience of genomic research breakthroughs as both an academic and practical concern. This paper synthesizes findings from 47 peer-reviewed studies published between 2018 and 2024, identifying converging themes and methodological limitations. The results have implications for theory development and applied practice."
user-human,Recent scholarship on social media misinformation has largely focused on surface-level manifestations while neglecting underlying structural determinants. This article challenges dominant assumptions and calls for a more nuanced approach that integrates interdisciplinary perspectives. Implications for policy and practice are discussed in the concluding section.
user-gemini,The theoretical underpinnings of algorithmic bias in hiring have evolved considerably over the past two decades. What began as a niche area of inquiry has grown into a robust field with competing schools of thought. This review synthesizes key debates and identifies gaps that warrant further empirical investigation.
user-human,"A growing body of research underscores the salience of supply chain disruptions as both an academic and practical concern. This paper synthesizes findings from 47 peer-reviewed studies published between 2018 and 2024, identifying converging themes and methodological limitations. The results have implications for theory development and applied practice."
user-gpt,"Officials confirmed on Wednesday that autonomous vehicle safety. The announcement came after weeks of speculation. Critics argue the move is premature, while supporters say it was long overdue. Public response has been divided along predictable lines."
user-human,Concerns over nuclear energy policy continue to mount as new evidence emerges. A coalition of researchers has issued an open letter urging immediate action. The debate reflects deeper tensions about resource allocation and long-term planning.
user-human,update on cybersecurity threats to infrastructure- it is complicated and anyone telling you otherwise is selling something. do your own research please
user-gpt,An investigation into education reform debates has uncovered new details that challenge the official narrative. Documents obtained through a freedom of information request suggest the issue is more complex than initially reported. Several key witnesses have declined to comment.
user-human,Just came across an article on genomic research breakthroughs and it is really making me reconsider some of my assumptions. Highly recommend giving it a read if you have not already.
user-human,"The relationship between climate change adaptation strategies and broader societal outcomes remains poorly understood despite growing interest in the field. This study contributes to the literature by analyzing a dataset of 1,200 cases across five geographic regions. Results indicate statistically significant correlations, though causality cannot be established from observational data alone."
user-human,Recent scholarship on economic inequality trends has largely focused on surface-level manifestations while neglecting underlying structural determinants. This article challenges dominant assumptions and calls for a more nuanced approach that integrates interdisciplinary perspectives. Implications for policy and practice are discussed in the concluding section.
user-human,"A new study published today reveals that food security in developing nations. Researchers from several universities collaborated on the findings, which have been met with mixed reactions from the scientific community. The lead researcher said the results were unexpected but compelling."
user-human,okay so i just read about mental health awareness campaigns and honestly?? i have so many thoughts. like WHY is this not getting more attention rn. thread ð§µð
user-human,Recent scholarship on data privacy legislation has largely focused on surface-level manifestations while neglecting underlying structural determinants. This article challenges dominant assumptions and calls for a more nuanced approach that integrates interdisciplinary perspectives. Implications for policy and practice are discussed in the concluding section.
user-human,update on public transit investment- it is complicated and anyone telling you otherwise is selling something. do your own research please
user-gpt,"This paper examines remote work productivity through a critical lens, drawing on empirical evidence gathered over a two-year period. The findings suggest that existing frameworks are insufficient to explain observed phenomena. We propose a revised model that accounts for contextual variability and systemic factors previously overlooked in the literature."
user-human,"New developments surrounding remote work productivity have drawn significant attention from analysts and policymakers alike. Experts suggest the implications could be far-reaching, though the full impact remains to be seen. Multiple stakeholders are now calling for a coordinated response."
user-gemini,so vaccine distribution challenges happened and my timeline is UNHINGED. some of you need to calm down and some of you need to be WAY more concerned tbh
user-gpt,"This analysis examines renewable energy adoption within the broader context of systemic transformation, drawing on interdisciplinary frameworks from sociology, economics, and political science. The data suggest that intervention at multiple levels is necessary for sustainable change. Policy recommendations are offered in alignment with current evidence-based standards."
user-gpt,"The concept of algorithmic bias in hiring occupies a contested space within contemporary scholarly discourse. Divergent theoretical frameworks have produced inconsistent empirical findings, underscoring the need for methodological standardization. This paper proposes an integrative framework to reconcile competing interpretations."
user-human,"A significant shift in gig economy labor rights was reported this week, prompting reactions across political and scientific communities. The latest data, reviewed by independent experts, points to trends that challenge conventional assumptions. Officials have yet to release a formal response."
user-human,"A new study published today reveals that aging population challenges. Researchers from several universities collaborated on the findings, which have been met with mixed reactions from the scientific community. The lead researcher said the results were unexpected but compelling."
user-human,Local authorities are responding to reports that biodiversity loss. Emergency services were alerted at approximately 9 AM. The incident is under investigation. Residents in nearby areas have been asked to remain indoors as a precaution.
user-human,just saw someone arguing that urban housing shortages is fine and i am genuinely baffled. do people not understand how this works?? ð­
user-human,"Breaking- artificial intelligence regulation. Sources close to the matter told reporters the situation developed rapidly over the past 48 hours. No official statement has been released, though a press conference is expected later today."
user-gemini,okay so i just read about artificial intelligence regulation and honestly?? i have so many thoughts. like WHY is this not getting more attention rn. thread ð§µð
user-human,"The governance of gig economy labor rights presents unique challenges that existing regulatory frameworks are ill-equipped to address. Drawing on comparative case analysis across six jurisdictions, this study identifies best practices and areas of persistent failure. Recommendations are grounded in empirical evidence and stakeholder consultation."
user-human,"The relationship between biodiversity loss and broader societal outcomes remains poorly understood despite growing interest in the field. This study contributes to the literature by analyzing a dataset of 1,200 cases across five geographic regions. Results indicate statistically significant correlations, though causality cannot be established from observational data alone."
user-human,update on climate change adaptation strategies- it is complicated and anyone telling you otherwise is selling something. do your own research please
user-human,The theoretical underpinnings of antibiotic resistance have evolved considerably over the past two decades. What began as a niche area of inquiry has grown into a robust field with competing schools of thought. This review synthesizes key debates and identifies gaps that warrant further empirical investigation.
user-gemini,"Breaking- vaccine distribution challenges. Sources close to the matter told reporters the situation developed rapidly over the past 48 hours. No official statement has been released, though a press conference is expected later today."
user-gemini,"This analysis examines artificial intelligence regulation within the broader context of systemic transformation, drawing on interdisciplinary frameworks from sociology, economics, and political science. The data suggest that intervention at multiple levels is necessary for sustainable change. Policy recommendations are offered in alignment with current evidence-based standards."
user-human,Really fascinating to see how quickly things are moving on election integrity concerns. There is so much potential here if we approach it thoughtfully. What are your thoughts?
user-gemini,Local authorities are responding to reports that supply chain disruptions. Emergency services were alerted at approximately 9 AM. The incident is under investigation. Residents in nearby areas have been asked to remain indoors as a precaution.
user-human,Really fascinating to see how quickly things are moving on autonomous vehicle safety. There is so much potential here if we approach it thoughtfully. What are your thoughts?
user-human,"A new study published today reveals that vaccine distribution challenges. Researchers from several universities collaborated on the findings, which have been met with mixed reactions from the scientific community. The lead researcher said the results were unexpected but compelling."
user-human,Recent scholarship on urban housing shortages has largely focused on surface-level manifestations while neglecting underlying structural determinants. This article challenges dominant assumptions and calls for a more nuanced approach that integrates interdisciplinary perspectives. Implications for policy and practice are discussed in the concluding section.
user-gpt,"The relationship between data privacy legislation and broader societal outcomes remains poorly understood despite growing interest in the field. This study contributes to the literature by analyzing a dataset of 1,200 cases across five geographic regions. Results indicate statistically significant correlations, though causality cannot be established from observational data alone."
user-human,"Existing literature on digital divide in rural areas has predominantly relied on cross-sectional designs, limiting causal inference. The present research addresses this gap through a prospective cohort study spanning three years. Preliminary results indicate a statistically significant association (p less than 0.05) between key variables."
user-gpt,idk why supply chain disruptions keeps coming up but every time it does the discourse gets worse. we need better conversations about this fr
user-human,Just came across an article on urban housing shortages and it is really making me reconsider some of my assumptions. Highly recommend giving it a read if you have not already.
user-gemini,can we talk about election integrity concerns for a sec because i feel like people are completely missing the point here. this is bigger than most realize
user-human,Really fascinating to see how quickly things are moving on genomic research breakthroughs. There is so much potential here if we approach it thoughtfully. What are your thoughts?
user-gemini,"The relationship between gene editing ethics and broader societal outcomes remains poorly understood despite growing interest in the field. This study contributes to the literature by analyzing a dataset of 1,200 cases across five geographic regions. Results indicate statistically significant correlations, though causality cannot be established from observational data alone."
user-gpt,"This analysis examines genomic research breakthroughs within the broader context of systemic transformation, drawing on interdisciplinary frameworks from sociology, economics, and political science. The data suggest that intervention at multiple levels is necessary for sustainable change. Policy recommendations are offered in alignment with current evidence-based standards."
user-human,"A significant shift in gig economy labor rights was reported this week, prompting reactions across political and scientific communities. The latest data, reviewed by independent experts, points to trends that challenge conventional assumptions. Officials have yet to release a formal response."
user-human,idk why remote work productivity keeps coming up but every time it does the discourse gets worse. we need better conversations about this fr
user-human,The theoretical underpinnings of genomic research breakthroughs have evolved considerably over the past two decades. What began as a niche area of inquiry has grown into a robust field with competing schools of thought. This review synthesizes key debates and identifies gaps that warrant further empirical investigation.
user-gemini,"This paper examines supply chain disruptions through a critical lens, drawing on empirical evidence gathered over a two-year period. The findings suggest that existing frameworks are insufficient to explain observed phenomena. We propose a revised model that accounts for contextual variability and systemic factors previously overlooked in the literature."
user-human,"Been following the conversation about renewable energy adoption for a while now â it is encouraging to see more people engaging with it seriously. We still have a long way to go, but progress is happening."
user-gemini,"A new study published today reveals that election integrity concerns. Researchers from several universities collaborated on the findings, which have been met with mixed reactions from the scientific community. The lead researcher said the results were unexpected but compelling."
user-gemini,Really fascinating to see how quickly things are moving on artificial intelligence regulation. There is so much potential here if we approach it thoughtfully. What are your thoughts?
user-human,Really fascinating to see how quickly things are moving on cybersecurity threats to infrastructure. There is so much potential here if we approach it thoughtfully. What are your thoughts?
user-gemini,hot take- data privacy legislation is actually not that surprising if you have been paying attention. we have been saying this for years and nobody listened lol
user-gpt,The conversation around algorithmic bias in hiring has intensified following the release of a comprehensive new report. The document highlights both progress made and persistent gaps that require urgent attention. International cooperation is being cited as essential to any meaningful solution.
user-human,"New developments surrounding cryptocurrency market volatility have drawn significant attention from analysts and policymakers alike. Experts suggest the implications could be far-reaching, though the full impact remains to be seen. Multiple stakeholders are now calling for a coordinated response."
user-human,Recent scholarship on food security in developing nations has largely focused on surface-level manifestations while neglecting underlying structural determinants. This article challenges dominant assumptions and calls for a more nuanced approach that integrates interdisciplinary perspectives. Implications for policy and practice are discussed in the concluding section.
user-gemini,"A new study published today reveals that biodiversity loss. Researchers from several universities collaborated on the findings, which have been met with mixed reactions from the scientific community. The lead researcher said the results were unexpected but compelling."
user-human,"The governance of economic inequality trends presents unique challenges that existing regulatory frameworks are ill-equipped to address. Drawing on comparative case analysis across six jurisdictions, this study identifies best practices and areas of persistent failure. Recommendations are grounded in empirical evidence and stakeholder consultation."
user-human,"The relationship between genomic research breakthroughs and broader societal outcomes remains poorly understood despite growing interest in the field. This study contributes to the literature by analyzing a dataset of 1,200 cases across five geographic regions. Results indicate statistically significant correlations, though causality cannot be established from observational data alone."
user-human,idk why election integrity concerns keeps coming up but every time it does the discourse gets worse. we need better conversations about this fr
user-human,Local authorities are responding to reports that space exploration milestones. Emergency services were alerted at approximately 9 AM. The incident is under investigation. Residents in nearby areas have been asked to remain indoors as a precaution.
user-human,"Breaking- economic inequality trends. Sources close to the matter told reporters the situation developed rapidly over the past 48 hours. No official statement has been released, though a press conference is expected later today."
user-gemini,The theoretical underpinnings of public transit investment have evolved considerably over the past two decades. What began as a niche area of inquiry has grown into a robust field with competing schools of thought. This review synthesizes key debates and identifies gaps that warrant further empirical investigation.
user-gemini,"Spent the morning reading about antibiotic resistance and came away genuinely hopeful. Yes, the challenges are real, but so are the opportunities. Let is focus on solutions."
user-human,"A growing body of research underscores the salience of space exploration milestones as both an academic and practical concern. This paper synthesizes findings from 47 peer-reviewed studies published between 2018 and 2024, identifying converging themes and methodological limitations. The results have implications for theory development and applied practice."
user-gemini,The theoretical underpinnings of artificial intelligence regulation have evolved considerably over the past two decades. What began as a niche area of inquiry has grown into a robust field with competing schools of thought. This review synthesizes key debates and identifies gaps that warrant further empirical investigation.
user-human,"Been following the conversation about supply chain disruptions for a while now â it is encouraging to see more people engaging with it seriously. We still have a long way to go, but progress is happening."
user-human,can we talk about vaccine distribution challenges for a sec because i feel like people are completely missing the point here. this is bigger than most realize
user-human,update on climate change adaptation strategies- it is complicated and anyone telling you otherwise is selling something. do your own research please
user-gemini,An investigation into water scarcity has uncovered new details that challenge the official narrative. Documents obtained through a freedom of information request suggest the issue is more complex than initially reported. Several key witnesses have declined to comment.
user-gemini,"A growing body of research underscores the salience of genomic research breakthroughs as both an academic and practical concern. This paper synthesizes findings from 47 peer-reviewed studies published between 2018 and 2024, identifying converging themes and methodological limitations. The results have implications for theory development and applied practice."
user-human,"A growing body of research underscores the salience of remote work productivity as both an academic and practical concern. This paper synthesizes findings from 47 peer-reviewed studies published between 2018 and 2024, identifying converging themes and methodological limitations. The results have implications for theory development and applied practice."
user-human,Recent scholarship on student debt crisis has largely focused on surface-level manifestations while neglecting underlying structural determinants. This article challenges dominant assumptions and calls for a more nuanced approach that integrates interdisciplinary perspectives. Implications for policy and practice are discussed in the concluding section.
user-human,Local authorities are responding to reports that urban housing shortages. Emergency services were alerted at approximately 9 AM. The incident is under investigation. Residents in nearby areas have been asked to remain indoors as a precaution.
user-human,Local authorities are responding to reports that urban housing shortages. Emergency services were alerted at approximately 9 AM. The incident is under investigation. Residents in nearby areas have been asked to remain indoors as a precaution.
user-human,"The relationship between gene editing ethics and broader societal outcomes remains poorly understood despite growing interest in the field. This study contributes to the literature by analyzing a dataset of 1,200 cases across five geographic regions. Results indicate statistically significant correlations, though causality cannot be established from observational data alone."
user-human,"The relationship between water scarcity and broader societal outcomes remains poorly understood despite growing interest in the field. This study contributes to the literature by analyzing a dataset of 1,200 cases across five geographic regions. Results indicate statistically significant correlations, though causality cannot be established from observational data alone."
user-gpt,update on student debt crisis- it is complicated and anyone telling you otherwise is selling something. do your own research please
user-gemini,"Existing literature on biodiversity loss has predominantly relied on cross-sectional designs, limiting causal inference. The present research addresses this gap through a prospective cohort study spanning three years. Preliminary results indicate a statistically significant association (p less than 0.05) between key variables."
user-human,"Spent the morning reading about aging population challenges and came away genuinely hopeful. Yes, the challenges are real, but so are the opportunities. Let is focus on solutions."
user-human,Recent scholarship on space exploration milestones has largely focused on surface-level manifestations while neglecting underlying structural determinants. This article challenges dominant assumptions and calls for a more nuanced approach that integrates interdisciplinary perspectives. Implications for policy and practice are discussed in the concluding section.
user-human,"The relationship between nuclear energy policy and broader societal outcomes remains poorly understood despite growing interest in the field. This study contributes to the literature by analyzing a dataset of 1,200 cases across five geographic regions. Results indicate statistically significant correlations, though causality cannot be established from observational data alone."
user-human,Recent scholarship on election integrity concerns has largely focused on surface-level manifestations while neglecting underlying structural determinants. This article challenges dominant assumptions and calls for a more nuanced approach that integrates interdisciplinary perspectives. Implications for policy and practice are discussed in the concluding section.
user-gemini,can we talk about cryptocurrency market volatility for a sec because i feel like people are completely missing the point here. this is bigger than most realize
user-human,"According to recently released data, cybersecurity threats to infrastructure is emerging as one of the defining challenges of the decade. Experts from leading institutions have outlined a series of recommendations aimed at addressing the root causes. Stakeholders across sectors are now engaged in dialogue to determine next steps."
user-human,"Breaking- autonomous vehicle safety. Sources close to the matter told reporters the situation developed rapidly over the past 48 hours. No official statement has been released, though a press conference is expected later today."
user-human,Recent scholarship on space exploration milestones has largely focused on surface-level manifestations while neglecting underlying structural determinants. This article challenges dominant assumptions and calls for a more nuanced approach that integrates interdisciplinary perspectives. Implications for policy and practice are discussed in the concluding section.
user-human,just saw someone arguing that aging population challenges is fine and i am genuinely baffled. do people not understand how this works?? ð­
user-human,"Breaking- renewable energy adoption. Sources close to the matter told reporters the situation developed rapidly over the past 48 hours. No official statement has been released, though a press conference is expected later today."
user-human,just saw someone arguing that gene editing ethics is fine and i am genuinely baffled. do people not understand how this works?? ð­
user-human,just saw someone arguing that biodiversity loss is fine and i am genuinely baffled. do people not understand how this works?? ð­
user-gemini,"The relationship between genomic research breakthroughs and broader societal outcomes remains poorly understood despite growing interest in the field. This study contributes to the literature by analyzing a dataset of 1,200 cases across five geographic regions. Results indicate statistically significant correlations, though causality cannot be established from observational data alone."
user-gpt,"Analysts are closely watching developments related to data privacy legislation, noting that recent events mark a potential turning point. The situation underscores long-standing structural issues that have resisted easy solutions. Observers remain cautiously optimistic about prospects for reform."
user-human,Concerns over supply chain disruptions continue to mount as new evidence emerges. A coalition of researchers has issued an open letter urging immediate action. The debate reflects deeper tensions about resource allocation and long-term planning.
user-human,"This paper examines aging population challenges through a critical lens, drawing on empirical evidence gathered over a two-year period. The findings suggest that existing frameworks are insufficient to explain observed phenomena. We propose a revised model that accounts for contextual variability and systemic factors previously overlooked in the literature."
user-human,Recent scholarship on aging population challenges has largely focused on surface-level manifestations while neglecting underlying structural determinants. This article challenges dominant assumptions and calls for a more nuanced approach that integrates interdisciplinary perspectives. Implications for policy and practice are discussed in the concluding section.
user-gpt,idk why vaccine distribution challenges keeps coming up but every time it does the discourse gets worse. we need better conversations about this fr
user-human,"A significant shift in remote work productivity was reported this week, prompting reactions across political and scientific communities. The latest data, reviewed by independent experts, points to trends that challenge conventional assumptions. Officials have yet to release a formal response."
user-human,Recent scholarship on water scarcity has largely focused on surface-level manifestations while neglecting underlying structural determinants. This article challenges dominant assumptions and calls for a more nuanced approach that integrates interdisciplinary perspectives. Implications for policy and practice are discussed in the concluding section.
user-gemini,idk why education reform debates keeps coming up but every time it does the discourse gets worse. we need better conversations about this fr
user-human,"The governance of cybersecurity threats to infrastructure presents unique challenges that existing regulatory frameworks are ill-equipped to address. Drawing on comparative case analysis across six jurisdictions, this study identifies best practices and areas of persistent failure. Recommendations are grounded in empirical evidence and stakeholder consultation."
user-gpt,so nuclear energy policy happened and my timeline is UNHINGED. some of you need to calm down and some of you need to be WAY more concerned tbh
user-gpt,"New developments surrounding space exploration milestones have drawn significant attention from analysts and policymakers alike. Experts suggest the implications could be far-reaching, though the full impact remains to be seen. Multiple stakeholders are now calling for a coordinated response."
user-human,Concerns over artificial intelligence regulation continue to mount as new evidence emerges. A coalition of researchers has issued an open letter urging immediate action. The debate reflects deeper tensions about resource allocation and long-term planning.
user-human,can we talk about election integrity concerns for a sec because i feel like people are completely missing the point here. this is bigger than most realize
user-gemini,can we talk about climate change adaptation strategies for a sec because i feel like people are completely missing the point here. this is bigger than most realize
user-human,"Been following the conversation about artificial intelligence regulation for a while now â it is encouraging to see more people engaging with it seriously. We still have a long way to go, but progress is happening."
user-human,update on genomic research breakthroughs- it is complicated and anyone telling you otherwise is selling something. do your own research please
user-gpt,"The relationship between data privacy legislation and broader societal outcomes remains poorly understood despite growing interest in the field. This study contributes to the literature by analyzing a dataset of 1,200 cases across five geographic regions. Results indicate statistically significant correlations, though causality cannot be established from observational data alone."
user-human,Just came across an article on data privacy legislation and it is really making me reconsider some of my assumptions. Highly recommend giving it a read if you have not already.
user-human,just saw someone arguing that data privacy legislation is fine and i am genuinely baffled. do people not understand how this works?? ð­
user-human,"Officials confirmed on Friday that aging population challenges. The announcement came after weeks of speculation. Critics argue the move is premature, while supporters say it was long overdue. Public response has been divided along predictable lines."
user-human,can we talk about public transit investment for a sec because i feel like people are completely missing the point here. this is bigger than most realize
user-human,"The relationship between artificial intelligence regulation and broader societal outcomes remains poorly understood despite growing interest in the field. This study contributes to the literature by analyzing a dataset of 1,200 cases across five geographic regions. Results indicate statistically significant correlations, though causality cannot be established from observational data alone."
user-human,hot take- nuclear energy policy is actually not that surprising if you have been paying attention. we have been saying this for years and nobody listened lol
user-gpt,"This paper examines mental health awareness campaigns through a critical lens, drawing on empirical evidence gathered over a two-year period. The findings suggest that existing frameworks are insufficient to explain observed phenomena. We propose a revised model that accounts for contextual variability and systemic factors previously overlooked in the literature."
user-human,"Existing literature on antibiotic resistance has predominantly relied on cross-sectional designs, limiting causal inference. The present research addresses this gap through a prospective cohort study spanning three years. Preliminary results indicate a statistically significant association (p less than 0.05) between key variables."
user-human,just saw someone arguing that data privacy legislation is fine and i am genuinely baffled. do people not understand how this works?? ð­
user-human,Recent scholarship on supply chain disruptions has largely focused on surface-level manifestations while neglecting underlying structural determinants. This article challenges dominant assumptions and calls for a more nuanced approach that integrates interdisciplinary perspectives. Implications for policy and practice are discussed in the concluding section.
user-gemini,"This paper examines genomic research breakthroughs through a critical lens, drawing on empirical evidence gathered over a two-year period. The findings suggest that existing frameworks are insufficient to explain observed phenomena. We propose a revised model that accounts for contextual variability and systemic factors previously overlooked in the literature."
user-gpt,"Been following the conversation about student debt crisis for a while now â it is encouraging to see more people engaging with it seriously. We still have a long way to go, but progress is happening."
user-human,"Existing literature on algorithmic bias in hiring has predominantly relied on cross-sectional designs, limiting causal inference. The present research addresses this gap through a prospective cohort study spanning three years. Preliminary results indicate a statistically significant association (p less than 0.05) between key variables."
user-human,Local authorities are responding to reports that education reform debates. Emergency services were alerted at approximately 9 AM. The incident is under investigation. Residents in nearby areas have been asked to remain indoors as a precaution.
user-human,just saw someone arguing that public transit investment is fine and i am genuinely baffled. do people not understand how this works?? ð­
user-gemini,"This paper examines education reform debates through a critical lens, drawing on empirical evidence gathered over a two-year period. The findings suggest that existing frameworks are insufficient to explain observed phenomena. We propose a revised model that accounts for contextual variability and systemic factors previously overlooked in the literature."
user-human,"The governance of education reform debates presents unique challenges that existing regulatory frameworks are ill-equipped to address. Drawing on comparative case analysis across six jurisdictions, this study identifies best practices and areas of persistent failure. Recommendations are grounded in empirical evidence and stakeholder consultation."
user-human,idk why gig economy labor rights keeps coming up but every time it does the discourse gets worse. we need better conversations about this fr
user-gpt,just saw someone arguing that digital divide in rural areas is fine and i am genuinely baffled. do people not understand how this works?? ð­
user-human,"This study investigates the multifaceted dimensions of social media misinformation, employing a mixed-methods approach to capture both quantitative patterns and qualitative nuances. The findings contribute to an evolving body of literature that challenges reductive theoretical models. Further longitudinal research is recommended to assess causal mechanisms."
user-human,"Officials confirmed on Thursday that gene editing ethics. The announcement came after weeks of speculation. Critics argue the move is premature, while supporters say it was long overdue. Public response has been divided along predictable lines."
user-human,"Breaking- data privacy legislation. Sources close to the matter told reporters the situation developed rapidly over the past 48 hours. No official statement has been released, though a press conference is expected later today."
user-human,so renewable energy adoption happened and my timeline is UNHINGED. some of you need to calm down and some of you need to be WAY more concerned tbh
user-human,Recent scholarship on renewable energy adoption has largely focused on surface-level manifestations while neglecting underlying structural determinants. This article challenges dominant assumptions and calls for a more nuanced approach that integrates interdisciplinary perspectives. Implications for policy and practice are discussed in the concluding section.
user-gpt,hot take- biodiversity loss is actually not that surprising if you have been paying attention. we have been saying this for years and nobody listened lol
user-human,The discourse around renewable energy adoption has become so exhausting. Can we please acknowledge the complexity here instead of reducing it to talking points?
user-human,"Breaking- urban housing shortages. Sources close to the matter told reporters the situation developed rapidly over the past 48 hours. No official statement has been released, though a press conference is expected later today."
user-human,"A new study published today reveals that education reform debates. Researchers from several universities collaborated on the findings, which have been met with mixed reactions from the scientific community. The lead researcher said the results were unexpected but compelling."
user-human,so antibiotic resistance happened and my timeline is UNHINGED. some of you need to calm down and some of you need to be WAY more concerned tbh
user-human,"The relationship between economic inequality trends and broader societal outcomes remains poorly understood despite growing interest in the field. This study contributes to the literature by analyzing a dataset of 1,200 cases across five geographic regions. Results indicate statistically significant correlations, though causality cannot be established from observational data alone."
user-gemini,okay so i just read about data privacy legislation and honestly?? i have so many thoughts. like WHY is this not getting more attention rn. thread ð§µð
user-human,"The governance of antibiotic resistance presents unique challenges that existing regulatory frameworks are ill-equipped to address. Drawing on comparative case analysis across six jurisdictions, this study identifies best practices and areas of persistent failure. Recommendations are grounded in empirical evidence and stakeholder consultation."
user-human,"The relationship between vaccine distribution challenges and broader societal outcomes remains poorly understood despite growing interest in the field. This study contributes to the literature by analyzing a dataset of 1,200 cases across five geographic regions. Results indicate statistically significant correlations, though causality cannot be established from observational data alone."
user-human,Recent scholarship on gig economy labor rights has largely focused on surface-level manifestations while neglecting underlying structural determinants. This article challenges dominant assumptions and calls for a more nuanced approach that integrates interdisciplinary perspectives. Implications for policy and practice are discussed in the concluding section.
user-gpt,"Breaking- cybersecurity threats to infrastructure. Sources close to the matter told reporters the situation developed rapidly over the past 48 hours. No official statement has been released, though a press conference is expected later today."
user-human,"I have been thinking a lot about remote work productivity lately, and I think we need to have a more nuanced conversation about it. The polarization is not helping anyone. Happy to discuss if you are open to it."
user-gemini,okay so i just read about economic inequality trends and honestly?? i have so many thoughts. like WHY is this not getting more attention rn. thread ð§µð
user-human,Really fascinating to see how quickly things are moving on remote work productivity. There is so much potential here if we approach it thoughtfully. What are your thoughts?
user-gpt,so space exploration milestones happened and my timeline is UNHINGED. some of you need to calm down and some of you need to be WAY more concerned tbh
user-human,"This study investigates the multifaceted dimensions of remote work productivity, employing a mixed-methods approach to capture both quantitative patterns and qualitative nuances. The findings contribute to an evolving body of literature that challenges reductive theoretical models. Further longitudinal research is recommended to assess causal mechanisms."
user-human,"Officials confirmed on Monday that remote work productivity. The announcement came after weeks of speculation. Critics argue the move is premature, while supporters say it was long overdue. Public response has been divided along predictable lines."
user-gpt,okay so i just read about artificial intelligence regulation and honestly?? i have so many thoughts. like WHY is this not getting more attention rn. thread ð§µð
user-human,Just came across an article on biodiversity loss and it is really making me reconsider some of my assumptions. Highly recommend giving it a read if you have not already.
user-human,"the relationship between social media misinformation and broader societal outcomes remains poorly understood despite growing interest in the field. This study contributes to the literature by analyzing a dataset of 1,200 cases across five geographic regions. Results indicate statistically significant correlations, though causality cannot be established from observational data alone."
user-human,so education reform debates happened and my timeline is UNHINGED. some of you need to calm down and some of you need to be WAY more concerned tbh
user-human,"Officials confirmed on Wednesday that remote work productivity. The announcement came after weeks of speculation. Critics argue the move is premature, while supporters say it was long overdue. Public response has been divided along predictable lines."
user-gpt,idk why mental health awareness campaigns keeps coming up but every time it does the discourse gets worse. we need better conversations about this fr
user-human,"The concept of vaccine distribution challenges occupies a contested space within contemporary scholarly discourse. Divergent theoretical frameworks have produced inconsistent empirical findings, underscoring the need for methodological standardization. This paper proposes an integrative framework to reconcile competing interpretations."
user-gemini,"This paper examines genomic research breakthroughs through a critical lens, drawing on empirical evidence gathered over a two-year period. The findings suggest that existing frameworks are insufficient to explain observed phenomena. We propose a revised model that accounts for contextual variability and systemic factors previously overlooked in the literature."
user-human,"Analysts are closely watching developments related to space exploration milestones, noting that recent events mark a potential turning point. The situation underscores long-standing structural issues that have resisted easy solutions. Observers remain cautiously optimistic about prospects for reform."
user-gemini,"This paper examines artificial intelligence regulation through a critical lens, drawing on empirical evidence gathered over a two-year period. The findings suggest that existing frameworks are insufficient to explain observed phenomena. We propose a revised model that accounts for contextual variability and systemic factors previously overlooked in the literature."
user-gpt,"This analysis examines renewable energy adoption within the broader context of systemic transformation, drawing on interdisciplinary frameworks from sociology, economics, and political science. The data suggest that intervention at multiple levels is necessary for sustainable change. Policy recommendations are offered in alignment with current evidence-based standards."
user-human,"The concept of mental health awareness campaigns occupies a contested space within contemporary scholarly discourse. Divergent theoretical frameworks have produced inconsistent empirical findings, underscoring the need for methodological standardization. This paper proposes an integrative framework to reconcile competing interpretations."
user-human,Recent scholarship on renewable energy adoption has largely focused on surface-level manifestations while neglecting underlying structural determinants. This article challenges dominant assumptions and calls for a more nuanced approach that integrates interdisciplinary perspectives. Implications for policy and practice are discussed in the concluding section.
user-gpt,update on gene editing ethics- it is complicated and anyone telling you otherwise is selling something. do your own research please
user-human,"I have been thinking a lot about artificial intelligence regulation lately, and I think we need to have a more nuanced conversation about it. The polarization is not helping anyone. Happy to discuss if you are open to it."
user-human,"This paper examines algorithmic bias in hiring through a critical lens, drawing on empirical evidence gathered over a two-year period. The findings suggest that existing frameworks are insufficient to explain observed phenomena. We propose a revised model that accounts for contextual variability and systemic factors previously overlooked in the literature."
user-human,"This paper examines renewable energy adoption through a critical lens, drawing on empirical evidence gathered over a two-year period. The findings suggest that existing frameworks are insufficient to explain observed phenomena. We propose a revised model that accounts for contextual variability and systemic factors previously overlooked in the literature."
user-gemini,Local authorities are responding to reports that biodiversity loss. Emergency services were alerted at approximately 9 AM. The incident is under investigation. Residents in nearby areas have been asked to remain indoors as a precaution.
user-gpt,"A growing body of research underscores the salience of renewable energy adoption as both an academic and practical concern. This paper synthesizes findings from 47 peer-reviewed studies published between 2018 and 2024, identifying converging themes and methodological limitations. The results have implications for theory development and applied practice."
user-gpt,The discourse around gene editing ethics has become so exhausting. Can we please acknowledge the complexity here instead of reducing it to talking points?
user-human,"Existing literature on data privacy legislation has predominantly relied on cross-sectional designs, limiting causal inference. The present research addresses this gap through a prospective cohort study spanning three years. Preliminary results indicate a statistically significant association (p less than 0.05) between key variables."
user-human,update on mental health awareness campaigns- it is complicated and anyone telling you otherwise is selling something. do your own research please
user-gemini,"A new study published today reveals that biodiversity loss. Researchers from several universities collaborated on the findings, which have been met with mixed reactions from the scientific community. The lead researcher said the results were unexpected but compelling."
user-human,"According to recently released data, climate change adaptation strategies is emerging as one of the defining challenges of the decade. Experts from leading institutions have outlined a series of recommendations aimed at addressing the root causes. Stakeholders across sectors are now engaged in dialogue to determine next steps."
user-human,Local authorities are responding to reports that biodiversity loss. Emergency services were alerted at approximately 9 AM. The incident is under investigation. Residents in nearby areas have been asked to remain indoors as a precaution.
user-human,Local authorities are responding to reports that food security in developing nations. Emergency services were alerted at approximately 9 AM. The incident is under investigation. Residents in nearby areas have been asked to remain indoors as a precaution.
user-gpt,so cryptocurrency market volatility happened and my timeline is UNHINGED. some of you need to calm down and some of you need to be WAY more concerned tbh
user-human,Concerns over social media misinformation continue to mount as new evidence emerges. A coalition of researchers has issued an open letter urging immediate action. The debate reflects deeper tensions about resource allocation and long-term planning.
user-human,Recent scholarship on student debt crisis has largely focused on surface-level manifestations while neglecting underlying structural determinants. This article challenges dominant assumptions and calls for a more nuanced approach that integrates interdisciplinary perspectives. Implications for policy and practice are discussed in the concluding section.
user-gemini,Recent scholarship on artificial intelligence regulation has largely focused on surface-level manifestations while neglecting underlying structural determinants. This article challenges dominant assumptions and calls for a more nuanced approach that integrates interdisciplinary perspectives. Implications for policy and practice are discussed in the concluding section.
user-human,Really fascinating to see how quickly things are moving on algorithmic bias in hiring. There is so much potential here if we approach it thoughtfully. What are your thoughts?
user-human,Recent scholarship on autonomous vehicle safety has largely focused on surface-level manifestations while neglecting underlying structural determinants. This article challenges dominant assumptions and calls for a more nuanced approach that integrates interdisciplinary perspectives. Implications for policy and practice are discussed in the concluding section.
user-human,okay so i just read about education reform debates and honestly?? i have so many thoughts. like WHY is this not getting more attention rn. thread ð§µð
user-human,An investigation into supply chain disruptions has uncovered new details that challenge the official narrative. Documents obtained through a freedom of information request suggest the issue is more complex than initially reported. Several key witnesses have declined to comment.
user-human,"The relationship between biodiversity loss and broader societal outcomes remains poorly understood despite growing interest in the field. This study contributes to the literature by analyzing a dataset of 1,200 cases across five geographic regions. Results indicate statistically significant correlations, though causality cannot be established from observational data alone."
user-human,hot take- renewable energy adoption is actually not that surprising if you have been paying attention. we have been saying this for years and nobody listened lol
user-gemini,"A new study published today reveals that public transit investment. Researchers from several universities collaborated on the findings, which have been met with mixed reactions from the scientific community. The lead researcher said the results were unexpected but compelling."
user-gemini,Really fascinating to see how quickly things are moving on artificial intelligence regulation. There is so much potential here if we approach it thoughtfully. What are your thoughts?
user-gpt,"Analysts are closely watching developments related to vaccine distribution challenges, noting that recent events mark a potential turning point. The situation underscores long-standing structural issues that have resisted easy solutions. Observers remain cautiously optimistic about prospects for reform."
user-human,Concerns over artificial intelligence regulation continue to mount as new evidence emerges. A coalition of researchers has issued an open letter urging immediate action. The debate reflects deeper tensions about resource allocation and long-term planning.
user-human,"Officials confirmed on Thursday that algorithmic bias in hiring. The announcement came after weeks of speculation. Critics argue the move is premature, while supporters say it was long overdue. Public response has been divided along predictable lines."
user-human,"Officials confirmed on Thursday that social media misinformation. The announcement came after weeks of speculation. Critics argue the move is premature, while supporters say it was long overdue. Public response has been divided along predictable lines."
user-human,Local authorities are responding to reports that public transit investment. Emergency services were alerted at approximately 9 AM. The incident is under investigation. Residents in nearby areas have been asked to remain indoors as a precaution.
user-human,"A new study published today reveals that food security in developing nations. Researchers from several universities collaborated on the findings, which have been met with mixed reactions from the scientific community. The lead researcher said the results were unexpected but compelling."
user-human,"A new study published today reveals that genomic research breakthroughs. Researchers from several universities collaborated on the findings, which have been met with mixed reactions from the scientific community. The lead researcher said the results were unexpected but compelling."
user-human,The theoretical underpinnings of space exploration milestones have evolved considerably over the past two decades. What began as a niche area of inquiry has grown into a robust field with competing schools of thought. This review synthesizes key debates and identifies gaps that warrant further empirical investigation.
user-gpt,so cryptocurrency market volatility happened and my timeline is UNHINGED. some of you need to calm down and some of you need to be WAY more concerned tbh
user-human,Just came across an article on economic inequality trends and it is really making me reconsider some of my assumptions. Highly recommend giving it a read if you have not already.
user-human,just saw someone arguing that economic inequality trends is fine and i am genuinely baffled. do people not understand how this works?? ð­
user-gpt,okay so i just read about algorithmic bias in hiring and honestly?? i have so many thoughts. like WHY is this not getting more attention rn. thread ð§µð
user-human,"The concept of autonomous vehicle safety occupies a contested space within contemporary scholarly discourse. Divergent theoretical frameworks have produced inconsistent empirical findings, underscoring the need for methodological standardization. This paper proposes an integrative framework to reconcile competing interpretations."
user-human,The theoretical underpinnings of cryptocurrency market volatility have evolved considerably over the past two decades. What began as a niche area of inquiry has grown into a robust field with competing schools of thought. This review synthesizes key debates and identifies gaps that warrant further empirical investigation.
user-human,"Officials confirmed on Wednesday that gene editing ethics. The announcement came after weeks of speculation. Critics argue the move is premature, while supporters say it was long overdue. Public response has been divided along predictable lines."
user-gpt,idk why space exploration milestones keeps coming up but every time it does the discourse gets worse. we need better conversations about this fr
user-human,Just came across an article on urban housing shortages and it is really making me reconsider some of my assumptions. Highly recommend giving it a read if you have not already.
user-human,just saw someone arguing that gig economy labor rights is fine and i am genuinely baffled. do people not understand how this works?? ð­
user-human,"Breaking- urban housing shortages. Sources close to the matter told reporters the situation developed rapidly over the past 48 hours. No official statement has been released, though a press conference is expected later today."
user-human,so biodiversity loss happened and my timeline is UNHINGED. some of you need to calm down and some of you need to be WAY more concerned tbh
user-gemini,"Breaking- climate change adaptation strategies. Sources close to the matter told reporters the situation developed rapidly over the past 48 hours. No official statement has been released, though a press conference is expected later today."
user-human,"The governance of nuclear energy policy presents unique challenges that existing regulatory frameworks are ill-equipped to address. Drawing on comparative case analysis across six jurisdictions, this study identifies best practices and areas of persistent failure. Recommendations are grounded in empirical evidence and stakeholder consultation."
user-human,just saw someone arguing that genomic research breakthroughs is fine and i am genuinely baffled. do people not understand how this works?? ð­
user-human,"The relationship between climate change adaptation strategies and broader societal outcomes remains poorly understood despite growing interest in the field. This study contributes to the literature by analyzing a dataset of 1,200 cases across five geographic regions. Results indicate statistically significant correlations, though causality cannot be established from observational data alone."
user-human,"Breaking- cybersecurity threats to infrastructure. Sources close to the matter told reporters the situation developed rapidly over the past 48 hours. No official statement has been released, though a press conference is expected later today."
user-gemini,An investigation into climate change adaptation strategies has uncovered new details that challenge the official narrative. Documents obtained through a freedom of information request suggest the issue is more complex than initially reported. Several key witnesses have declined to comment.
user-human,"Been following the conversation about gig economy labor rights for a while now â it is encouraging to see more people engaging with it seriously. We still have a long way to go, but progress is happening."
user-human,Recent scholarship on education reform debates has largely focused on surface-level manifestations while neglecting underlying structural determinants. This article challenges dominant assumptions and calls for a more nuanced approach that integrates interdisciplinary perspectives. Implications for policy and practice are discussed in the concluding section.
user-gpt,hot take- algorithmic bias in hiring is actually not that surprising if you have been paying attention. we have been saying this for years and nobody listened lol
user-human,"A significant shift in aging population challenges was reported this week, prompting reactions across political and scientific communities. The latest data, reviewed by independent experts, points to trends that challenge conventional assumptions. Officials have yet to release a formal response."
user-gemini,The theoretical underpinnings of cybersecurity threats to infrastructure have evolved considerably over the past two decades. What began as a niche area of inquiry has grown into a robust field with competing schools of thought. This review synthesizes key debates and identifies gaps that warrant further empirical investigation.
user-human,The conversation around water scarcity has intensified following the release of a comprehensive new report. The document highlights both progress made and persistent gaps that require urgent attention. International cooperation is being cited as essential to any meaningful solution.
user-human,so gene editing ethics happened and my timeline is UNHINGED. some of you need to calm down and some of you need to be WAY more concerned tbh
user-gemini,Recent scholarship on vaccine distribution challenges has largely focused on surface-level manifestations while neglecting underlying structural determinants. This article challenges dominant assumptions and calls for a more nuanced approach that integrates interdisciplinary perspectives. Implications for policy and practice are discussed in the concluding section.
user-human,"Been following the conversation about student debt crisis for a while now â it is encouraging to see more people engaging with it seriously. We still have a long way to go, but progress is happening."
user-human,just saw someone arguing that mental health awareness campaigns is fine and i am genuinely baffled. do people not understand how this works?? ð­
user-gemini,Recent scholarship on aging population challenges has largely focused on surface-level manifestations while neglecting underlying structural determinants. This article challenges dominant assumptions and calls for a more nuanced approach that integrates interdisciplinary perspectives. Implications for policy and practice are discussed in the concluding section.
user-human,"Analysts are closely watching developments related to supply chain disruptions, noting that recent events mark a potential turning point. The situation underscores long-standing structural issues that have resisted easy solutions. Observers remain cautiously optimistic about prospects for reform."
user-human,"A new study published today reveals that public transit investment. Researchers from several universities collaborated on the findings, which have been met with mixed reactions from the scientific community. The lead researcher said the results were unexpected but compelling."
user-human,"This paper examines supply chain disruptions through a critical lens, drawing on empirical evidence gathered over a two-year period. The findings suggest that existing frameworks are insufficient to explain observed phenomena. We propose a revised model that accounts for contextual variability and systemic factors previously overlooked in the literature."
user-human,Local authorities are responding to reports that autonomous vehicle safety. Emergency services were alerted at approximately 9 AM. The incident is under investigation. Residents in nearby areas have been asked to remain indoors as a precaution.
user-gpt,Recent scholarship on aging population challenges has largely focused on surface-level manifestations while neglecting underlying structural determinants. This article challenges dominant assumptions and calls for a more nuanced approach that integrates interdisciplinary perspectives. Implications for policy and practice are discussed in the concluding section.
user-gpt,"This study investigates the multifaceted dimensions of food security in developing nations, employing a mixed-methods approach to capture both quantitative patterns and qualitative nuances. The findings contribute to an evolving body of literature that challenges reductive theoretical models. Further longitudinal research is recommended to assess causal mechanisms."
user-human,"A significant shift in antibiotic resistance was reported this week, prompting reactions across political and scientific communities. The latest data, reviewed by independent experts, points to trends that challenge conventional assumptions. Officials have yet to release a formal response."
user-gpt,"A new study published today reveals that autonomous vehicle safety. Researchers from several universities collaborated on the findings, which have been met with mixed reactions from the scientific community. The lead researcher said the results were unexpected but compelling."
user-human,"New developments surrounding public transit investment have drawn significant attention from analysts and policymakers alike. Experts suggest the implications could be far-reaching, though the full impact remains to be seen. Multiple stakeholders are now calling for a coordinated response."
user-gemini,so water scarcity happened and my timeline is UNHINGED. some of you need to calm down and some of you need to be WAY more concerned tbh
user-gpt,The conversation around water scarcity has intensified following the release of a comprehensive new report. The document highlights both progress made and persistent gaps that require urgent attention. International cooperation is being cited as essential to any meaningful solution.
user-human,"A significant shift in antibiotic resistance was reported this week, prompting reactions across political and scientific communities. The latest data, reviewed by independent experts, points to trends that challenge conventional assumptions. Officials have yet to release a formal response."
user-human,idk why aging population challenges keeps coming up but every time it does the discourse gets worse. we need better conversations about this fr
user-human,idk why aging population challenges keeps coming up but every time it does the discourse gets worse. we need better conversations about this fr
user-gpt,idk why cybersecurity threats to infrastructure keeps coming up but every time it does the discourse gets worse. we need better conversations about this fr
user-human,"Existing literature on aging population challenges has predominantly relied on cross-sectional designs, limiting causal inference. The present research addresses this gap through a prospective cohort study spanning three years. Preliminary results indicate a statistically significant association (p less than 0.05) between key variables."
user-human,"Officials confirmed on Thursday that data privacy legislation. The announcement came after weeks of speculation. Critics argue the move is premature, while supporters say it was long overdue. Public response has been divided along predictable lines."
user-human,update on supply chain disruptions- it is complicated and anyone telling you otherwise is selling something. do your own research please
user-gemini,"Officials confirmed on Wednesday that cybersecurity threats to infrastructure. The announcement came after weeks of speculation. Critics argue the move is premature, while supporters say it was long overdue. Public response has been divided along predictable lines."
user-gpt,Really fascinating to see how quickly things are moving on gene editing ethics. There is so much potential here if we approach it thoughtfully. What are your thoughts?
user-gemini,Concerns over education reform debates continue to mount as new evidence emerges. A coalition of researchers has issued an open letter urging immediate action. The debate reflects deeper tensions about resource allocation and long-term planning.
user-human,"The governance of biodiversity loss presents unique challenges that existing regulatory frameworks are ill-equipped to address. Drawing on comparative case analysis across six jurisdictions, this study identifies best practices and areas of persistent failure. Recommendations are grounded in empirical evidence and stakeholder consultation."
user-human,update on space exploration milestones- it is complicated and anyone telling you otherwise is selling something. do your own research please
user-human,An investigation into gene editing ethics has uncovered new details that challenge the official narrative. Documents obtained through a freedom of information request suggest the issue is more complex than initially reported. Several key witnesses have declined to comment.
user-gpt,Local authorities are responding to reports that biodiversity loss. Emergency services were alerted at approximately 9 AM. The incident is under investigation. Residents in nearby areas have been asked to remain indoors as a precaution.
user-gemini,"A significant shift in climate change adaptation strategies was reported this week, prompting reactions across political and scientific communities. The latest data, reviewed by independent experts, points to trends that challenge conventional assumptions. Officials have yet to release a formal response."
user-human,"Analysts are closely watching developments related to cryptocurrency market volatility, noting that recent events mark a potential turning point. The situation underscores long-standing structural issues that have resisted easy solutions. Observers remain cautiously optimistic about prospects for reform."
user-human,"This paper examines supply chain disruptions through a critical lens, drawing on empirical evidence gathered over a two-year period. The findings suggest that existing frameworks are insufficient to explain observed phenomena. We propose a revised model that accounts for contextual variability and systemic factors previously overlooked in the literature."
user-gemini,hot take- mental health awareness campaigns is actually not that surprising if you have been paying attention. we have been saying this for years and nobody listened lol
user-human,"This analysis examines cryptocurrency market volatility within the broader context of systemic transformation, drawing on interdisciplinary frameworks from sociology, economics, and political science. The data suggest that intervention at multiple levels is necessary for sustainable change. Policy recommendations are offered in alignment with current evidence-based standards."
user-human,Local authorities are responding to reports that election integrity concerns. Emergency services were alerted at approximately 9 AM. The incident is under investigation. Residents in nearby areas have been asked to remain indoors as a precaution.
user-human,so antibiotic resistance happened and my timeline is UNHINGED. some of you need to calm down and some of you need to be WAY more concerned tbh
user-human,hot take- autonomous vehicle safety is actually not that surprising if you have been paying attention. we have been saying this for years and nobody listened lol
user-gemini,can we talk about autonomous vehicle safety for a sec because i feel like people are completely missing the point here. this is bigger than most realize
user-human,"Been following the conversation about biodiversity loss for a while now â it is encouraging to see more people engaging with it seriously. We still have a long way to go, but progress is happening."
user-human,"Breaking- education reform debates. Sources close to the matter told reporters the situation developed rapidly over the past 48 hours. No official statement has been released, though a press conference is expected later today."
user-gemini,can we talk about algorithmic bias in hiring for a sec because i feel like people are completely missing the point here. this is bigger than most realize
user-human,"Spent the morning reading about vaccine distribution challenges and came away genuinely hopeful. Yes, the challenges are real, but so are the opportunities. Let is focus on solutions."
user-gemini,idk why biodiversity loss keeps coming up but every time it does the discourse gets worse. we need better conversations about this fr
user-gpt,"Analysts are closely watching developments related to urban housing shortages, noting that recent events mark a potential turning point. The situation underscores long-standing structural issues that have resisted easy solutions. Observers remain cautiously optimistic about prospects for reform."
user-human,"Existing literature on antibiotic resistance has predominantly relied on cross-sectional designs, limiting causal inference. The present research addresses this gap through a prospective cohort study spanning three years. Preliminary results indicate a statistically significant association (p less than 0.05) between key variables."
user-human,"A new study published today reveals that gene editing ethics. Researchers from several universities collaborated on the findings, which have been met with mixed reactions from the scientific community. The lead researcher said the results were unexpected but compelling."
user-human,"A new study published today reveals that climate change adaptation strategies. Researchers from several universities collaborated on the findings, which have been met with mixed reactions from the scientific community. The lead researcher said the results were unexpected but compelling."
user-human,"A new study published today reveals that cybersecurity threats to infrastructure. Researchers from several universities collaborated on the findings, which have been met with mixed reactions from the scientific community. The lead researcher said the results were unexpected but compelling."
user-human,"Breaking- education reform debates. Sources close to the matter told reporters the situation developed rapidly over the past 48 hours. No official statement has been released, though a press conference is expected later today."
user-gpt,"Officials confirmed on Tuesday that autonomous vehicle safety. The announcement came after weeks of speculation. Critics argue the move is premature, while supporters say it was long overdue. Public response has been divided along predictable lines."
user-gemini,"Existing literature on nuclear energy policy has predominantly relied on cross-sectional designs, limiting causal inference. The present research addresses this gap through a prospective cohort study spanning three years. Preliminary results indicate a statistically significant association (p less than 0.05) between key variables."
user-gemini,"The governance of data privacy legislation presents unique challenges that existing regulatory frameworks are ill-equipped to address. Drawing on comparative case analysis across six jurisdictions, this study identifies best practices and areas of persistent failure. Recommendations are grounded in empirical evidence and stakeholder consultation."
user-gemini,The conversation around social media misinformation has intensified following the release of a comprehensive new report. The document highlights both progress made and persistent gaps that require urgent attention. International cooperation is being cited as essential to any meaningful solution.
user-human,"This analysis examines digital divide in rural areas within the broader context of systemic transformation, drawing on interdisciplinary frameworks from sociology, economics, and political science. The data suggest that intervention at multiple levels is necessary for sustainable change. Policy recommendations are offered in alignment with current evidence-based standards."
user-human,hot take- water scarcity is actually not that surprising if you have been paying attention. we have been saying this for years and nobody listened lol
user-human,An investigation into water scarcity has uncovered new details that challenge the official narrative. Documents obtained through a freedom of information request suggest the issue is more complex than initially reported. Several key witnesses have declined to comment.
user-human,Local authorities are responding to reports that remote work productivity. Emergency services were alerted at approximately 9 AM. The incident is under investigation. Residents in nearby areas have been asked to remain indoors as a precaution.
user-human,Local authorities are responding to reports that mental health awareness campaigns. Emergency services were alerted at approximately 9 AM. The incident is under investigation. Residents in nearby areas have been asked to remain indoors as a precaution.
user-human,"The relationship between genomic research breakthroughs and broader societal outcomes remains poorly understood despite growing interest in the field. This study contributes to the literature by analyzing a dataset of 1,200 cases across five geographic regions. Results indicate statistically significant correlations, though causality cannot be established from observational data alone."
user-human,can we talk about climate change adaptation strategies for a sec because i feel like people are completely missing the point here. this is bigger than most realize
user-human,hot take- digital divide in rural areas is actually not that surprising if you have been paying attention. we have been saying this for years and nobody listened lol
user-human,"A new study published today reveals that supply chain disruptions. Researchers from several universities collaborated on the findings, which have been met with mixed reactions from the scientific community. The lead researcher said the results were unexpected but compelling."
user-gemini,okay so i just read about artificial intelligence regulation and honestly?? i have so many thoughts. like WHY is this not getting more attention rn. thread ð§µð
user-human,The conversation around nuclear energy policy has intensified following the release of a comprehensive new report. The document highlights both progress made and persistent gaps that require urgent attention. International cooperation is being cited as essential to any meaningful solution.
user-human,"the relationship between cybersecurity threats to infrastructure and broader societal outcomes remains poorly understood despite growing interest in the field. This study contributes to the literature by analyzing a dataset of 1,200 cases across five geographic regions. Results indicate statistically significant correlations, though causality cannot be established from observational data alone."
user-gpt,"The relationship between antibiotic resistance and broader societal outcomes remains poorly understood despite growing interest in the field. This study contributes to the literature by analyzing a dataset of 1,200 cases across five geographic regions. Results indicate statistically significant correlations, though causality cannot be established from observational data alone."
user-gpt,"I have been thinking a lot about economic inequality trends lately, and I think we need to have a more nuanced conversation about it. The polarization is not helping anyone. Happy to discuss if you are open to it."
user-human,"The concept of aging population challenges occupies a contested space within contemporary scholarly discourse. Divergent theoretical frameworks have produced inconsistent empirical findings, underscoring the need for methodological standardization. This paper proposes an integrative framework to reconcile competing interpretations."
user-human,Recent scholarship on gig economy labor rights has largely focused on surface-level manifestations while neglecting underlying structural determinants. This article challenges dominant assumptions and calls for a more nuanced approach that integrates interdisciplinary perspectives. Implications for policy and practice are discussed in the concluding section.
user-gpt,An investigation into cybersecurity threats to infrastructure has uncovered new details that challenge the official narrative. Documents obtained through a freedom of information request suggest the issue is more complex than initially reported. Several key witnesses have declined to comment.
user-gemini,Concerns over genomic research breakthroughs continue to mount as new evidence emerges. A coalition of researchers has issued an open letter urging immediate action. The debate reflects deeper tensions about resource allocation and long-term planning.
user-gpt,"The governance of cryptocurrency market volatility presents unique challenges that existing regulatory frameworks are ill-equipped to address. Drawing on comparative case analysis across six jurisdictions, this study identifies best practices and areas of persistent failure. Recommendations are grounded in empirical evidence and stakeholder consultation."
user-human,"This study investigates the multifaceted dimensions of economic inequality trends, employing a mixed-methods approach to capture both quantitative patterns and qualitative nuances. The findings contribute to an evolving body of literature that challenges reductive theoretical models. Further longitudinal research is recommended to assess causal mechanisms."
user-gpt,The theoretical underpinnings of remote work productivity have evolved considerably over the past two decades. What began as a niche area of inquiry has grown into a robust field with competing schools of thought. This review synthesizes key debates and identifies gaps that warrant further empirical investigation.
user-human,"New developments surrounding supply chain disruptions have drawn significant attention from analysts and policymakers alike. Experts suggest the implications could be far-reaching, though the full impact remains to be seen. Multiple stakeholders are now calling for a coordinated response."
user-gemini,hot take- genomic research breakthroughs is actually not that surprising if you have been paying attention. we have been saying this for years and nobody listened lol
user-gemini,"Spent the morning reading about biodiversity loss and came away genuinely hopeful. Yes, the challenges are real, but so are the opportunities. Let is focus on solutions."
user-human,"A growing body of research underscores the salience of data privacy legislation as both an academic and practical concern. This paper synthesizes findings from 47 peer-reviewed studies published between 2018 and 2024, identifying converging themes and methodological limitations. The results have implications for theory development and applied practice."
user-gemini,An investigation into data privacy legislation has uncovered new details that challenge the official narrative. Documents obtained through a freedom of information request suggest the issue is more complex than initially reported. Several key witnesses have declined to comment.
user-human,"A growing body of research underscores the salience of election integrity concerns as both an academic and practical concern. This paper synthesizes findings from 47 peer-reviewed studies published between 2018 and 2024, identifying converging themes and methodological limitations. The results have implications for theory development and applied practice."
user-human,An investigation into mental health awareness campaigns has uncovered new details that challenge the official narrative. Documents obtained through a freedom of information request suggest the issue is more complex than initially reported. Several key witnesses have declined to comment.
user-human,The theoretical underpinnings of aging population challenges have evolved considerably over the past two decades. What began as a niche area of inquiry has grown into a robust field with competing schools of thought. This review synthesizes key debates and identifies gaps that warrant further empirical investigation.
user-human,"Breaking- mental health awareness campaigns. Sources close to the matter told reporters the situation developed rapidly over the past 48 hours. No official statement has been released, though a press conference is expected later today."
user-human,"A new study published today reveals that supply chain disruptions. Researchers from several universities collaborated on the findings, which have been met with mixed reactions from the scientific community. The lead researcher said the results were unexpected but compelling."
user-human,"This paper examines supply chain disruptions through a critical lens, drawing on empirical evidence gathered over a two-year period. The findings suggest that existing frameworks are insufficient to explain observed phenomena. We propose a revised model that accounts for contextual variability and systemic factors previously overlooked in the literature."
user-human,just saw someone arguing that renewable energy adoption is fine and i am genuinely baffled. do people not understand how this works?? ð­
user-human,"This paper examines remote work productivity through a critical lens, drawing on empirical evidence gathered over a two-year period. The findings suggest that existing frameworks are insufficient to explain observed phenomena. We propose a revised model that accounts for contextual variability and systemic factors previously overlooked in the literature."
user-gemini,okay so i just read about social media misinformation and honestly?? i have so many thoughts. like WHY is this not getting more attention rn. thread ð§µð
user-human,"The governance of social media misinformation presents unique challenges that existing regulatory frameworks are ill-equipped to address. Drawing on comparative case analysis across six jurisdictions, this study identifies best practices and areas of persistent failure. Recommendations are grounded in empirical evidence and stakeholder consultation."
user-human,The theoretical underpinnings of gene editing ethics have evolved considerably over the past two decades. What began as a niche area of inquiry has grown into a robust field with competing schools of thought. This review synthesizes key debates and identifies gaps that warrant further empirical investigation.
user-human,so water scarcity happened and my timeline is UNHINGED. some of you need to calm down and some of you need to be WAY more concerned tbh
user-gemini,can we talk about public transit investment for a sec because i feel like people are completely missing the point here. this is bigger than most realize
user-human,Really fascinating to see how quickly things are moving on space exploration milestones. There is so much potential here if we approach it thoughtfully. What are your thoughts?
user-human,hot take- urban housing shortages is actually not that surprising if you have been paying attention. we have been saying this for years and nobody listened lol
user-human,just saw someone arguing that gene editing ethics is fine and i am genuinely baffled. do people not understand how this works?? ð­
user-human,can we talk about gene editing ethics for a sec because i feel like people are completely missing the point here. this is bigger than most realize
user-human,update on supply chain disruptions- it is complicated and anyone telling you otherwise is selling something. do your own research please
user-gpt,"Breaking- space exploration milestones. Sources close to the matter told reporters the situation developed rapidly over the past 48 hours. No official statement has been released, though a press conference is expected later today."
user-human,"I have been thinking a lot about water scarcity lately, and I think we need to have a more nuanced conversation about it. The polarization is not helping anyone. Happy to discuss if you are open to it."
user-gemini,An investigation into vaccine distribution challenges has uncovered new details that challenge the official narrative. Documents obtained through a freedom of information request suggest the issue is more complex than initially reported. Several key witnesses have declined to comment.
user-human,"According to recently released data, biodiversity loss is emerging as one of the defining challenges of the decade. Experts from leading institutions have outlined a series of recommendations aimed at addressing the root causes. Stakeholders across sectors are now engaged in dialogue to determine next steps."
user-human,"Officials confirmed on Friday that education reform debates. The announcement came after weeks of speculation. Critics argue the move is premature, while supporters say it was long overdue. Public response has been divided along predictable lines."
user-human,idk why cryptocurrency market volatility keeps coming up but every time it does the discourse gets worse. we need better conversations about this fr
user-human,The theoretical underpinnings of mental health awareness campaigns have evolved considerably over the past two decades. What began as a niche area of inquiry has grown into a robust field with competing schools of thought. This review synthesizes key debates and identifies gaps that warrant further empirical investigation.
user-gemini,hot take- cybersecurity threats to infrastructure is actually not that surprising if you have been paying attention. we have been saying this for years and nobody listened lol
user-human,"A growing body of research underscores the salience of urban housing shortages as both an academic and practical concern. This paper synthesizes findings from 47 peer-reviewed studies published between 2018 and 2024, identifying converging themes and methodological limitations. The results have implications for theory development and applied practice."
user-human,hot take- social media misinformation is actually not that surprising if you have been paying attention. we have been saying this for years and nobody listened lol
user-gemini,"Breaking- genomic research breakthroughs. Sources close to the matter told reporters the situation developed rapidly over the past 48 hours. No official statement has been released, though a press conference is expected later today."
user-human,"Spent the morning reading about data privacy legislation and came away genuinely hopeful. Yes, the challenges are real, but so are the opportunities. Let is focus on solutions."
user-human,"This paper examines gene editing ethics through a critical lens, drawing on empirical evidence gathered over a two-year period. The findings suggest that existing frameworks are insufficient to explain observed phenomena. We propose a revised model that accounts for contextual variability and systemic factors previously overlooked in the literature."
user-human,"A new study published today reveals that election integrity concerns. Researchers from several universities collaborated on the findings, which have been met with mixed reactions from the scientific community. The lead researcher said the results were unexpected but compelling."
user-gemini,just saw someone arguing that election integrity concerns is fine and i am genuinely baffled. do people not understand how this works?? ð­
user-gemini,The conversation around digital divide in rural areas has intensified following the release of a comprehensive new report. The document highlights both progress made and persistent gaps that require urgent attention. International cooperation is being cited as essential to any meaningful solution.
user-human,"The governance of aging population challenges presents unique challenges that existing regulatory frameworks are ill-equipped to address. Drawing on comparative case analysis across six jurisdictions, this study identifies best practices and areas of persistent failure. Recommendations are grounded in empirical evidence and stakeholder consultation."
user-human,Local authorities are responding to reports that renewable energy adoption. Emergency services were alerted at approximately 9 AM. The incident is under investigation. Residents in nearby areas have been asked to remain indoors as a precaution.
user-human,update on aging population challenges- it is complicated and anyone telling you otherwise is selling something. do your own research please
user-human,update on data privacy legislation- it is complicated and anyone telling you otherwise is selling something. do your own research please
user-gemini,can we talk about urban housing shortages for a sec because i feel like people are completely missing the point here. this is bigger than most realize
user-gpt,"According to recently released data, algorithmic bias in hiring is emerging as one of the defining challenges of the decade. Experts from leading institutions have outlined a series of recommendations aimed at addressing the root causes. Stakeholders across sectors are now engaged in dialogue to determine next steps."
user-human,"I have been thinking a lot about space exploration milestones lately, and I think we need to have a more nuanced conversation about it. The polarization is not helping anyone. Happy to discuss if you are open to it."
user-human,idk why food security in developing nations keeps coming up but every time it does the discourse gets worse. we need better conversations about this fr
user-human,"A new study published today reveals that antibiotic resistance. Researchers from several universities collaborated on the findings, which have been met with mixed reactions from the scientific community. The lead researcher said the results were unexpected but compelling."
user-human,"The relationship between election integrity concerns and broader societal outcomes remains poorly understood despite growing interest in the field. This study contributes to the literature by analyzing a dataset of 1,200 cases across five geographic regions. Results indicate statistically significant correlations, though causality cannot be established from observational data alone."
user-human,An investigation into economic inequality trends has uncovered new details that challenge the official narrative. Documents obtained through a freedom of information request suggest the issue is more complex than initially reported. Several key witnesses have declined to comment.
user-human,okay so i just read about algorithmic bias in hiring and honestly?? i have so many thoughts. like WHY is this not getting more attention rn. thread ð§µð
user-human,idk why algorithmic bias in hiring keeps coming up but every time it does the discourse gets worse. we need better conversations about this fr
user-human,"Breaking- education reform debates. Sources close to the matter told reporters the situation developed rapidly over the past 48 hours. No official statement has been released, though a press conference is expected later today."
user-gpt,"Officials confirmed on Wednesday that supply chain disruptions. The announcement came after weeks of speculation. Critics argue the move is premature, while supporters say it was long overdue. Public response has been divided along predictable lines."
user-human,"I have been thinking a lot about mental health awareness campaigns lately, and I think we need to have a more nuanced conversation about it. The polarization is not helping anyone. Happy to discuss if you are open to it."
user-gemini,"Officials confirmed on Monday that food security in developing nations. The announcement came after weeks of speculation. Critics argue the move is premature, while supporters say it was long overdue. Public response has been divided along predictable lines."
user-human,"Been following the conversation about climate change adaptation strategies for a while now â it is encouraging to see more people engaging with it seriously. We still have a long way to go, but progress is happening."
user-human,Local authorities are responding to reports that space exploration milestones. Emergency services were alerted at approximately 9 AM. The incident is under investigation. Residents in nearby areas have been asked to remain indoors as a precaution.
user-human,"Officials confirmed on Wednesday that water scarcity. The announcement came after weeks of speculation. Critics argue the move is premature, while supporters say it was long overdue. Public response has been divided along predictable lines."
user-gemini,Local authorities are responding to reports that renewable energy adoption. Emergency services were alerted at approximately 9 AM. The incident is under investigation. Residents in nearby areas have been asked to remain indoors as a precaution.
user-gemini,"A growing body of research underscores the salience of gig economy labor rights as both an academic and practical concern. This paper synthesizes findings from 47 peer-reviewed studies published between 2018 and 2024, identifying converging themes and methodological limitations. The results have implications for theory development and applied practice."
user-human,"This analysis examines biodiversity loss within the broader context of systemic transformation, drawing on interdisciplinary frameworks from sociology, economics, and political science. The data suggest that intervention at multiple levels is necessary for sustainable change. Policy recommendations are offered in alignment with current evidence-based standards."
user-human,just saw someone arguing that nuclear energy policy is fine and i am genuinely baffled. do people not understand how this works?? ð­
user-human,"Breaking- renewable energy adoption. Sources close to the matter told reporters the situation developed rapidly over the past 48 hours. No official statement has been released, though a press conference is expected later today."
user-gemini,hot take- student debt crisis is actually not that surprising if you have been paying attention. we have been saying this for years and nobody listened lol
user-gemini,"Analysts are closely watching developments related to vaccine distribution challenges, noting that recent events mark a potential turning point. The situation underscores long-standing structural issues that have resisted easy solutions. Observers remain cautiously optimistic about prospects for reform."
user-human,"Been following the conversation about climate change adaptation strategies for a while now â it is encouraging to see more people engaging with it seriously. We still have a long way to go, but progress is happening."
user-human,Recent scholarship on aging population challenges has largely focused on surface-level manifestations while neglecting underlying structural determinants. This article challenges dominant assumptions and calls for a more nuanced approach that integrates interdisciplinary perspectives. Implications for policy and practice are discussed in the concluding section.
user-human,just saw someone arguing that antibiotic resistance is fine and i am genuinely baffled. do people not understand how this works?? ð­
user-gemini,so public transit investment happened and my timeline is UNHINGED. some of you need to calm down and some of you need to be WAY more concerned tbh
user-human,"Spent the morning reading about renewable energy adoption and came away genuinely hopeful. Yes, the challenges are real, but so are the opportunities. Let is focus on solutions."
user-human,The theoretical underpinnings of gig economy labor rights have evolved considerably over the past two decades. What began as a niche area of inquiry has grown into a robust field with competing schools of thought. This review synthesizes key debates and identifies gaps that warrant further empirical investigation.
user-gemini,can we talk about economic inequality trends for a sec because i feel like people are completely missing the point here. this is bigger than most realize
user-human,"According to recently released data, urban housing shortages is emerging as one of the defining challenges of the decade. Experts from leading institutions have outlined a series of recommendations aimed at addressing the root causes. Stakeholders across sectors are now engaged in dialogue to determine next steps."
user-gemini,update on gig economy labor rights- it is complicated and anyone telling you otherwise is selling something. do your own research please
user-human,"Been following the conversation about renewable energy adoption for a while now â it is encouraging to see more people engaging with it seriously. We still have a long way to go, but progress is happening."
user-gemini,An investigation into space exploration milestones has uncovered new details that challenge the official narrative. Documents obtained through a freedom of information request suggest the issue is more complex than initially reported. Several key witnesses have declined to comment.
user-human,"This analysis examines gig economy labor rights within the broader context of systemic transformation, drawing on interdisciplinary frameworks from sociology, economics, and political science. The data suggest that intervention at multiple levels is necessary for sustainable change. Policy recommendations are offered in alignment with current evidence-based standards."
user-human,can we talk about autonomous vehicle safety for a sec because i feel like people are completely missing the point here. this is bigger than most realize
user-human,The theoretical underpinnings of urban housing shortages have evolved considerably over the past two decades. What began as a niche area of inquiry has grown into a robust field with competing schools of thought. This review synthesizes key debates and identifies gaps that warrant further empirical investigation.
user-human,so election integrity concerns happened and my timeline is UNHINGED. some of you need to calm down and some of you need to be WAY more concerned tbh
user-gpt,Recent scholarship on genomic research breakthroughs has largely focused on surface-level manifestations while neglecting underlying structural determinants. This article challenges dominant assumptions and calls for a more nuanced approach that integrates interdisciplinary perspectives. Implications for policy and practice are discussed in the concluding section.
user-human,"The concept of climate change adaptation strategies occupies a contested space within contemporary scholarly discourse. Divergent theoretical frameworks have produced inconsistent empirical findings, underscoring the need for methodological standardization. This paper proposes an integrative framework to reconcile competing interpretations."
user-human,"A new study published today reveals that supply chain disruptions. Researchers from several universities collaborated on the findings, which have been met with mixed reactions from the scientific community. The lead researcher said the results were unexpected but compelling."
user-human,An investigation into gig economy labor rights has uncovered new details that challenge the official narrative. Documents obtained through a freedom of information request suggest the issue is more complex than initially reported. Several key witnesses have declined to comment.
user-human,idk why space exploration milestones keeps coming up but every time it does the discourse gets worse. we need better conversations about this fr
user-human,The theoretical underpinnings of cryptocurrency market volatility have evolved considerably over the past two decades. What began as a niche area of inquiry has grown into a robust field with competing schools of thought. This review synthesizes key debates and identifies gaps that warrant further empirical investigation.
user-human,"A new study published today reveals that artificial intelligence regulation. Researchers from several universities collaborated on the findings, which have been met with mixed reactions from the scientific community. The lead researcher said the results were unexpected but compelling."
user-human,"The relationship between mental health awareness campaigns and broader societal outcomes remains poorly understood despite growing interest in the field. This study contributes to the literature by analyzing a dataset of 1,200 cases across five geographic regions. Results indicate statistically significant correlations, though causality cannot be established from observational data alone."
user-human,The theoretical underpinnings of remote work productivity have evolved considerably over the past two decades. What began as a niche area of inquiry has grown into a robust field with competing schools of thought. This review synthesizes key debates and identifies gaps that warrant further empirical investigation.
user-gpt,can we talk about digital divide in rural areas for a sec because i feel like people are completely missing the point here. this is bigger than most realize
user-human,Concerns over space exploration milestones continue to mount as new evidence emerges. A coalition of researchers has issued an open letter urging immediate action. The debate reflects deeper tensions about resource allocation and long-term planning.
user-human,can we talk about cryptocurrency market volatility for a sec because i feel like people are completely missing the point here. this is bigger than most realize
user-gpt,hot take- public transit investment is actually not that surprising if you have been paying attention. we have been saying this for years and nobody listened lol
user-gpt,"New developments surrounding supply chain disruptions have drawn significant attention from analysts and policymakers alike. Experts suggest the implications could be far-reaching, though the full impact remains to be seen. Multiple stakeholders are now calling for a coordinated response."
user-human,"Existing literature on gene editing ethics has predominantly relied on cross-sectional designs, limiting causal inference. The present research addresses this gap through a prospective cohort study spanning three years. Preliminary results indicate a statistically significant association (p less than 0.05) between key variables."
user-human,can we talk about biodiversity loss for a sec because i feel like people are completely missing the point here. this is bigger than most realize
user-human,"The relationship between biodiversity loss and broader societal outcomes remains poorly understood despite growing interest in the field. This study contributes to the literature by analyzing a dataset of 1,200 cases across five geographic regions. Results indicate statistically significant correlations, though causality cannot be established from observational data alone."
user-human,The theoretical underpinnings of artificial intelligence regulation have evolved considerably over the past two decades. What began as a niche area of inquiry has grown into a robust field with competing schools of thought. This review synthesizes key debates and identifies gaps that warrant further empirical investigation.
user-human,"This paper examines election integrity concerns through a critical lens, drawing on empirical evidence gathered over a two-year period. The findings suggest that existing frameworks are insufficient to explain observed phenomena. We propose a revised model that accounts for contextual variability and systemic factors previously overlooked in the literature."
user-gemini,"A new study published today reveals that renewable energy adoption. Researchers from several universities collaborated on the findings, which have been met with mixed reactions from the scientific community. The lead researcher said the results were unexpected but compelling."
user-human,"Analysts are closely watching developments related to artificial intelligence regulation, noting that recent events mark a potential turning point. The situation underscores long-standing structural issues that have resisted easy solutions. Observers remain cautiously optimistic about prospects for reform."
user-human,Local authorities are responding to reports that autonomous vehicle safety. Emergency services were alerted at approximately 9 AM. The incident is under investigation. Residents in nearby areas have been asked to remain indoors as a precaution.
user-human,"Officials confirmed on Monday that supply chain disruptions. The announcement came after weeks of speculation. Critics argue the move is premature, while supporters say it was long overdue. Public response has been divided along predictable lines."
user-human,An investigation into mental health awareness campaigns has uncovered new details that challenge the official narrative. Documents obtained through a freedom of information request suggest the issue is more complex than initially reported. Several key witnesses have declined to comment.
user-human,"A new study published today reveals that biodiversity loss. Researchers from several universities collaborated on the findings, which have been met with mixed reactions from the scientific community. The lead researcher said the results were unexpected but compelling."
user-human,just saw someone arguing that climate change adaptation strategies is fine and i am genuinely baffled. do people not understand how this works?? ð­
user-gemini,An investigation into renewable energy adoption has uncovered new details that challenge the official narrative. Documents obtained through a freedom of information request suggest the issue is more complex than initially reported. Several key witnesses have declined to comment.
user-human,The conversation around urban housing shortages has intensified following the release of a comprehensive new report. The document highlights both progress made and persistent gaps that require urgent attention. International cooperation is being cited as essential to any meaningful solution.
user-gemini,so supply chain disruptions happened and my timeline is UNHINGED. some of you need to calm down and some of you need to be WAY more concerned tbh
user-human,"Analysts are closely watching developments related to education reform debates, noting that recent events mark a potential turning point. The situation underscores long-standing structural issues that have resisted easy solutions. Observers remain cautiously optimistic about prospects for reform."
user-gpt,An investigation into economic inequality trends has uncovered new details that challenge the official narrative. Documents obtained through a freedom of information request suggest the issue is more complex than initially reported. Several key witnesses have declined to comment.
user-gpt,"The concept of gig economy labor rights occupies a contested space within contemporary scholarly discourse. Divergent theoretical frameworks have produced inconsistent empirical findings, underscoring the need for methodological standardization. This paper proposes an integrative framework to reconcile competing interpretations."
user-gpt,"I have been thinking a lot about remote work productivity lately, and I think we need to have a more nuanced conversation about it. The polarization is not helping anyone. Happy to discuss if you are open to it."
user-gpt,Concerns over antibiotic resistance continue to mount as new evidence emerges. A coalition of researchers has issued an open letter urging immediate action. The debate reflects deeper tensions about resource allocation and long-term planning.
user-human,"This study investigates the multifaceted dimensions of water scarcity, employing a mixed-methods approach to capture both quantitative patterns and qualitative nuances. The findings contribute to an evolving body of literature that challenges reductive theoretical models. Further longitudinal research is recommended to assess causal mechanisms."
user-gemini,update on gene editing ethics- it is complicated and anyone telling you otherwise is selling something. do your own research please
user-gpt,"A growing body of research underscores the salience of economic inequality trends as both an academic and practical concern. This paper synthesizes findings from 47 peer-reviewed studies published between 2018 and 2024, identifying converging themes and methodological limitations. The results have implications for theory development and applied practice."
user-human,"This study investigates the multifaceted dimensions of supply chain disruptions, employing a mixed-methods approach to capture both quantitative patterns and qualitative nuances. The findings contribute to an evolving body of literature that challenges reductive theoretical models. Further longitudinal research is recommended to assess causal mechanisms."
user-human,can we talk about algorithmic bias in hiring for a sec because i feel like people are completely missing the point here. this is bigger than most realize
user-human,"Officials confirmed on Wednesday that artificial intelligence regulation. The announcement came after weeks of speculation. Critics argue the move is premature, while supporters say it was long overdue. Public response has been divided along predictable lines."
user-gpt,"Officials confirmed on Tuesday that cybersecurity threats to infrastructure. The announcement came after weeks of speculation. Critics argue the move is premature, while supporters say it was long overdue. Public response has been divided along predictable lines."
user-human,The discourse around antibiotic resistance has become so exhausting. Can we please acknowledge the complexity here instead of reducing it to talking points?
user-human,Recent scholarship on economic inequality trends has largely focused on surface-level manifestations while neglecting underlying structural determinants. This article challenges dominant assumptions and calls for a more nuanced approach that integrates interdisciplinary perspectives. Implications for policy and practice are discussed in the concluding section.
user-gemini,okay so i just read about urban housing shortages and honestly?? i have so many thoughts. like WHY is this not getting more attention rn. thread ð§µð
user-human,"Been following the conversation about urban housing shortages for a while now â it is encouraging to see more people engaging with it seriously. We still have a long way to go, but progress is happening."
user-human,idk why urban housing shortages keeps coming up but every time it does the discourse gets worse. we need better conversations about this fr
user-gemini,An investigation into social media misinformation has uncovered new details that challenge the official narrative. Documents obtained through a freedom of information request suggest the issue is more complex than initially reported. Several key witnesses have declined to comment.
user-human,The conversation around food security in developing nations has intensified following the release of a comprehensive new report. The document highlights both progress made and persistent gaps that require urgent attention. International cooperation is being cited as essential to any meaningful solution.
user-gemini,okay so i just read about digital divide in rural areas and honestly?? i have so many thoughts. like WHY is this not getting more attention rn. thread ð§µð
user-human,Really fascinating to see how quickly things are moving on social media misinformation. There is so much potential here if we approach it thoughtfully. What are your thoughts?
user-human,idk why biodiversity loss keeps coming up but every time it does the discourse gets worse. we need better conversations about this fr
user-gemini,The theoretical underpinnings of autonomous vehicle safety have evolved considerably over the past two decades. What began as a niche area of inquiry has grown into a robust field with competing schools of thought. This review synthesizes key debates and identifies gaps that warrant further empirical investigation.
user-human,"According to recently released data, student debt crisis is emerging as one of the defining challenges of the decade. Experts from leading institutions have outlined a series of recommendations aimed at addressing the root causes. Stakeholders across sectors are now engaged in dialogue to determine next steps."
user-gpt,The theoretical underpinnings of vaccine distribution challenges have evolved considerably over the past two decades. What began as a niche area of inquiry has grown into a robust field with competing schools of thought. This review synthesizes key debates and identifies gaps that warrant further empirical investigation.
user-human,"The concept of mental health awareness campaigns occupies a contested space within contemporary scholarly discourse. Divergent theoretical frameworks have produced inconsistent empirical findings, underscoring the need for methodological standardization. This paper proposes an integrative framework to reconcile competing interpretations."
user-gemini,"Officials confirmed on Thursday that climate change adaptation strategies. The announcement came after weeks of speculation. Critics argue the move is premature, while supporters say it was long overdue. Public response has been divided along predictable lines."
user-human,The conversation around food security in developing nations has intensified following the release of a comprehensive new report. The document highlights both progress made and persistent gaps that require urgent attention. International cooperation is being cited as essential to any meaningful solution.
user-gpt,"A new study published today reveals that renewable energy adoption. Researchers from several universities collaborated on the findings, which have been met with mixed reactions from the scientific community. The lead researcher said the results were unexpected but compelling."
user-human,"This study investigates the multifaceted dimensions of remote work productivity, employing a mixed-methods approach to capture both quantitative patterns and qualitative nuances. The findings contribute to an evolving body of literature that challenges reductive theoretical models. Further longitudinal research is recommended to assess causal mechanisms."
user-gemini,Recent scholarship on supply chain disruptions has largely focused on surface-level manifestations while neglecting underlying structural determinants. This article challenges dominant assumptions and calls for a more nuanced approach that integrates interdisciplinary perspectives. Implications for policy and practice are discussed in the concluding section.
user-human,"The governance of algorithmic bias in hiring presents unique challenges that existing regulatory frameworks are ill-equipped to address. Drawing on comparative case analysis across six jurisdictions, this study identifies best practices and areas of persistent failure. Recommendations are grounded in empirical evidence and stakeholder consultation."
user-human,update on gene editing ethics- it is complicated and anyone telling you otherwise is selling something. do your own research please
user-gemini,Local authorities are responding to reports that data privacy legislation. Emergency services were alerted at approximately 9 AM. The incident is under investigation. Residents in nearby areas have been asked to remain indoors as a precaution.
user-human,Really fascinating to see how quickly things are moving on space exploration milestones. There is so much potential here if we approach it thoughtfully. What are your thoughts?
user-human,idk why antibiotic resistance keeps coming up but every time it does the discourse gets worse. we need better conversations about this fr
user-human,"Breaking- data privacy legislation. Sources close to the matter told reporters the situation developed rapidly over the past 48 hours. No official statement has been released, though a press conference is expected later today."
user-human,hot take- digital divide in rural areas is actually not that surprising if you have been paying attention. we have been saying this for years and nobody listened lol
user-gpt,Recent scholarship on algorithmic bias in hiring has largely focused on surface-level manifestations while neglecting underlying structural determinants. This article challenges dominant assumptions and calls for a more nuanced approach that integrates interdisciplinary perspectives. Implications for policy and practice are discussed in the concluding section.
user-human,"A significant shift in nuclear energy policy was reported this week, prompting reactions across political and scientific communities. The latest data, reviewed by independent experts, points to trends that challenge conventional assumptions. Officials have yet to release a formal response."
user-human,can we talk about cryptocurrency market volatility for a sec because i feel like people are completely missing the point here. this is bigger than most realize
user-human,Local authorities are responding to reports that food security in developing nations. Emergency services were alerted at approximately 9 AM. The incident is under investigation. Residents in nearby areas have been asked to remain indoors as a precaution.
user-human,"A new study published today reveals that vaccine distribution challenges. Researchers from several universities collaborated on the findings, which have been met with mixed reactions from the scientific community. The lead researcher said the results were unexpected but compelling."
user-human,"This paper examines cybersecurity threats to infrastructure through a critical lens, drawing on empirical evidence gathered over a two-year period. The findings suggest that existing frameworks are insufficient to explain observed phenomena. We propose a revised model that accounts for contextual variability and systemic factors previously overlooked in the literature."
user-human,"A new study published today reveals that space exploration milestones. Researchers from several universities collaborated on the findings, which have been met with mixed reactions from the scientific community. The lead researcher said the results were unexpected but compelling."
user-human,Recent scholarship on supply chain disruptions has largely focused on surface-level manifestations while neglecting underlying structural determinants. This article challenges dominant assumptions and calls for a more nuanced approach that integrates interdisciplinary perspectives. Implications for policy and practice are discussed in the concluding section.
user-human,just saw someone arguing that gig economy labor rights is fine and i am genuinely baffled. do people not understand how this works?? ð­
user-human,so student debt crisis happened and my timeline is UNHINGED. some of you need to calm down and some of you need to be WAY more concerned tbh
user-gpt,"this paper examines election integrity concerns through a critical lens, drawing on empirical evidence gathered over a two-year period. The findings suggest that existing frameworks are insufficient to explain observed phenomena. We propose a revised model that accounts for contextual variability and systemic factors previously overlooked in the literature."
user-human,"The concept of cryptocurrency market volatility occupies a contested space within contemporary scholarly discourse. Divergent theoretical frameworks have produced inconsistent empirical findings, underscoring the need for methodological standardization. This paper proposes an integrative framework to reconcile competing interpretations."
user-human,can we talk about gene editing ethics for a sec because i feel like people are completely missing the point here. this is bigger than most realize
user-human,hot take- public transit investment is actually not that surprising if you have been paying attention. we have been saying this for years and nobody listened lol
user-human,The theoretical underpinnings of autonomous vehicle safety have evolved considerably over the past two decades. What began as a niche area of inquiry has grown into a robust field with competing schools of thought. This review synthesizes key debates and identifies gaps that warrant further empirical investigation.
user-human,just saw someone arguing that economic inequality trends is fine and i am genuinely baffled. do people not understand how this works?? ð­
user-gemini,An investigation into renewable energy adoption has uncovered new details that challenge the official narrative. Documents obtained through a freedom of information request suggest the issue is more complex than initially reported. Several key witnesses have declined to comment.
user-human,Really fascinating to see how quickly things are moving on gig economy labor rights. There is so much potential here if we approach it thoughtfully. What are your thoughts?
user-gemini,"A new study published today reveals that artificial intelligence regulation. Researchers from several universities collaborated on the findings, which have been met with mixed reactions from the scientific community. The lead researcher said the results were unexpected but compelling."
user-human,"Spent the morning reading about food security in developing nations and came away genuinely hopeful. Yes, the challenges are real, but so are the opportunities. Let is focus on solutions."
user-human,Local authorities are responding to reports that autonomous vehicle safety. Emergency services were alerted at approximately 9 AM. The incident is under investigation. Residents in nearby areas have been asked to remain indoors as a precaution.
user-gemini,idk why cybersecurity threats to infrastructure keeps coming up but every time it does the discourse gets worse. we need better conversations about this fr
user-gpt,"Analysts are closely watching developments related to public transit investment, noting that recent events mark a potential turning point. The situation underscores long-standing structural issues that have resisted easy solutions. Observers remain cautiously optimistic about prospects for reform."
user-human,"The concept of nuclear energy policy occupies a contested space within contemporary scholarly discourse. Divergent theoretical frameworks have produced inconsistent empirical findings, underscoring the need for methodological standardization. This paper proposes an integrative framework to reconcile competing interpretations."
user-human,Recent scholarship on algorithmic bias in hiring has largely focused on surface-level manifestations while neglecting underlying structural determinants. This article challenges dominant assumptions and calls for a more nuanced approach that integrates interdisciplinary perspectives. Implications for policy and practice are discussed in the concluding section.
user-human,"A new study published today reveals that mental health awareness campaigns. Researchers from several universities collaborated on the findings, which have been met with mixed reactions from the scientific community. The lead researcher said the results were unexpected but compelling."
user-human,Recent scholarship on cryptocurrency market volatility has largely focused on surface-level manifestations while neglecting underlying structural determinants. This article challenges dominant assumptions and calls for a more nuanced approach that integrates interdisciplinary perspectives. Implications for policy and practice are discussed in the concluding section.
user-gemini,hot take- mental health awareness campaigns is actually not that surprising if you have been paying attention. we have been saying this for years and nobody listened lol
user-human,"A growing body of research underscores the salience of autonomous vehicle safety as both an academic and practical concern. This paper synthesizes findings from 47 peer-reviewed studies published between 2018 and 2024, identifying converging themes and methodological limitations. The results have implications for theory development and applied practice."
user-human,idk why digital divide in rural areas keeps coming up but every time it does the discourse gets worse. we need better conversations about this fr
user-human,Local authorities are responding to reports that data privacy legislation. Emergency services were alerted at approximately 9 AM. The incident is under investigation. Residents in nearby areas have been asked to remain indoors as a precaution.
user-human,can we talk about data privacy legislation for a sec because i feel like people are completely missing the point here. this is bigger than most realize
user-human,"The relationship between climate change adaptation strategies and broader societal outcomes remains poorly understood despite growing interest in the field. This study contributes to the literature by analyzing a dataset of 1,200 cases across five geographic regions. Results indicate statistically significant correlations, though causality cannot be established from observational data alone."
user-gemini,Recent scholarship on economic inequality trends has largely focused on surface-level manifestations while neglecting underlying structural determinants. This article challenges dominant assumptions and calls for a more nuanced approach that integrates interdisciplinary perspectives. Implications for policy and practice are discussed in the concluding section.
user-human,"Analysts are closely watching developments related to climate change adaptation strategies, noting that recent events mark a potential turning point. The situation underscores long-standing structural issues that have resisted easy solutions. Observers remain cautiously optimistic about prospects for reform."
user-gemini,update on genomic research breakthroughs- it is complicated and anyone telling you otherwise is selling something. do your own research please
user-human,"A growing body of research underscores the salience of education reform debates as both an academic and practical concern. This paper synthesizes findings from 47 peer-reviewed studies published between 2018 and 2024, identifying converging themes and methodological limitations. The results have implications for theory development and applied practice."
user-human,The theoretical underpinnings of social media misinformation have evolved considerably over the past two decades. What began as a niche area of inquiry has grown into a robust field with competing schools of thought. This review synthesizes key debates and identifies gaps that warrant further empirical investigation.
user-human,hot take- mental health awareness campaigns is actually not that surprising if you have been paying attention. we have been saying this for years and nobody listened lol
user-human,hot take- urban housing shortages is actually not that surprising if you have been paying attention. we have been saying this for years and nobody listened lol
user-gemini,Recent scholarship on urban housing shortages has largely focused on surface-level manifestations while neglecting underlying structural determinants. This article challenges dominant assumptions and calls for a more nuanced approach that integrates interdisciplinary perspectives. Implications for policy and practice are discussed in the concluding section.
user-gemini,The conversation around social media misinformation has intensified following the release of a comprehensive new report. The document highlights both progress made and persistent gaps that require urgent attention. International cooperation is being cited as essential to any meaningful solution.
user-human,"This analysis examines aging population challenges within the broader context of systemic transformation, drawing on interdisciplinary frameworks from sociology, economics, and political science. The data suggest that intervention at multiple levels is necessary for sustainable change. Policy recommendations are offered in alignment with current evidence-based standards."
user-gemini,An investigation into genomic research breakthroughs has uncovered new details that challenge the official narrative. Documents obtained through a freedom of information request suggest the issue is more complex than initially reported. Several key witnesses have declined to comment.
user-human,"Been following the conversation about climate change adaptation strategies for a while now â it is encouraging to see more people engaging with it seriously. We still have a long way to go, but progress is happening."
user-human,"A new study published today reveals that aging population challenges. Researchers from several universities collaborated on the findings, which have been met with mixed reactions from the scientific community. The lead researcher said the results were unexpected but compelling."
user-gpt,Local authorities are responding to reports that artificial intelligence regulation. Emergency services were alerted at approximately 9 AM. The incident is under investigation. Residents in nearby areas have been asked to remain indoors as a precaution.
user-human,The discourse around remote work productivity has become so exhausting. Can we please acknowledge the complexity here instead of reducing it to talking points?
user-human,An investigation into cybersecurity threats to infrastructure has uncovered new details that challenge the official narrative. Documents obtained through a freedom of information request suggest the issue is more complex than initially reported. Several key witnesses have declined to comment.
user-human,Local authorities are responding to reports that algorithmic bias in hiring. Emergency services were alerted at approximately 9 AM. The incident is under investigation. Residents in nearby areas have been asked to remain indoors as a precaution.
user-gemini,update on economic inequality trends- it is complicated and anyone telling you otherwise is selling something. do your own research please
user-human,Really fascinating to see how quickly things are moving on autonomous vehicle safety. There is so much potential here if we approach it thoughtfully. What are your thoughts?
user-gemini,okay so i just read about food security in developing nations and honestly?? i have so many thoughts. like WHY is this not getting more attention rn. thread ð§µð
user-human,"A growing body of research underscores the salience of digital divide in rural areas as both an academic and practical concern. This paper synthesizes findings from 47 peer-reviewed studies published between 2018 and 2024, identifying converging themes and methodological limitations. The results have implications for theory development and applied practice."
user-human,The theoretical underpinnings of education reform debates have evolved considerably over the past two decades. What began as a niche area of inquiry has grown into a robust field with competing schools of thought. This review synthesizes key debates and identifies gaps that warrant further empirical investigation.
user-gemini,Local authorities are responding to reports that cryptocurrency market volatility. Emergency services were alerted at approximately 9 AM. The incident is under investigation. Residents in nearby areas have been asked to remain indoors as a precaution.
user-gpt,"Been following the conversation about public transit investment for a while now â it is encouraging to see more people engaging with it seriously. We still have a long way to go, but progress is happening."
user-human,"A significant shift in cryptocurrency market volatility was reported this week, prompting reactions across political and scientific communities. The latest data, reviewed by independent experts, points to trends that challenge conventional assumptions. Officials have yet to release a formal response."
user-human,so supply chain disruptions happened and my timeline is UNHINGED. some of you need to calm down and some of you need to be WAY more concerned tbh
user-human,just saw someone arguing that digital divide in rural areas is fine and i am genuinely baffled. do people not understand how this works?? ð­
user-human,just saw someone arguing that cybersecurity threats to infrastructure is fine and i am genuinely baffled. do people not understand how this works?? ð­
user-human,"The relationship between artificial intelligence regulation and broader societal outcomes remains poorly understood despite growing interest in the field. This study contributes to the literature by analyzing a dataset of 1,200 cases across five geographic regions. Results indicate statistically significant correlations, though causality cannot be established from observational data alone."
user-human,Recent scholarship on mental health awareness campaigns has largely focused on surface-level manifestations while neglecting underlying structural determinants. This article challenges dominant assumptions and calls for a more nuanced approach that integrates interdisciplinary perspectives. Implications for policy and practice are discussed in the concluding section.
user-human,"The relationship between biodiversity loss and broader societal outcomes remains poorly understood despite growing interest in the field. This study contributes to the literature by analyzing a dataset of 1,200 cases across five geographic regions. Results indicate statistically significant correlations, though causality cannot be established from observational data alone."
user-human,so cybersecurity threats to infrastructure happened and my timeline is UNHINGED. some of you need to calm down and some of you need to be WAY more concerned tbh
user-human,just saw someone arguing that nuclear energy policy is fine and i am genuinely baffled. do people not understand how this works?? ð­
user-gpt,"The relationship between algorithmic bias in hiring and broader societal outcomes remains poorly understood despite growing interest in the field. This study contributes to the literature by analyzing a dataset of 1,200 cases across five geographic regions. Results indicate statistically significant correlations, though causality cannot be established from observational data alone."
user-gpt,"This study investigates the multifaceted dimensions of supply chain disruptions, employing a mixed-methods approach to capture both quantitative patterns and qualitative nuances. The findings contribute to an evolving body of literature that challenges reductive theoretical models. Further longitudinal research is recommended to assess causal mechanisms."
user-human,"New developments surrounding remote work productivity have drawn significant attention from analysts and policymakers alike. Experts suggest the implications could be far-reaching, though the full impact remains to be seen. Multiple stakeholders are now calling for a coordinated response."
user-human,hot take- genomic research breakthroughs is actually not that surprising if you have been paying attention. we have been saying this for years and nobody listened lol
user-human,"Officials confirmed on Wednesday that space exploration milestones. The announcement came after weeks of speculation. Critics argue the move is premature, while supporters say it was long overdue. Public response has been divided along predictable lines."
user-human,"The relationship between student debt crisis and broader societal outcomes remains poorly understood despite growing interest in the field. This study contributes to the literature by analyzing a dataset of 1,200 cases across five geographic regions. Results indicate statistically significant correlations, though causality cannot be established from observational data alone."
user-human,"The relationship between renewable energy adoption and broader societal outcomes remains poorly understood despite growing interest in the field. This study contributes to the literature by analyzing a dataset of 1,200 cases across five geographic regions. Results indicate statistically significant correlations, though causality cannot be established from observational data alone."
user-gemini,"This paper examines antibiotic resistance through a critical lens, drawing on empirical evidence gathered over a two-year period. The findings suggest that existing frameworks are insufficient to explain observed phenomena. We propose a revised model that accounts for contextual variability and systemic factors previously overlooked in the literature."
user-human,"This analysis examines biodiversity loss within the broader context of systemic transformation, drawing on interdisciplinary frameworks from sociology, economics, and political science. The data suggest that intervention at multiple levels is necessary for sustainable change. Policy recommendations are offered in alignment with current evidence-based standards."
user-human,"This paper examines data privacy legislation through a critical lens, drawing on empirical evidence gathered over a two-year period. The findings suggest that existing frameworks are insufficient to explain observed phenomena. We propose a revised model that accounts for contextual variability and systemic factors previously overlooked in the literature."
user-human,so social media misinformation happened and my timeline is UNHINGED. some of you need to calm down and some of you need to be WAY more concerned tbh
user-human,"The relationship between biodiversity loss and broader societal outcomes remains poorly understood despite growing interest in the field. This study contributes to the literature by analyzing a dataset of 1,200 cases across five geographic regions. Results indicate statistically significant correlations, though causality cannot be established from observational data alone."
user-gpt,"Breaking- gene editing ethics. Sources close to the matter told reporters the situation developed rapidly over the past 48 hours. No official statement has been released, though a press conference is expected later today."
user-gpt,The discourse around artificial intelligence regulation has become so exhausting. Can we please acknowledge the complexity here instead of reducing it to talking points?
user-gpt,"New developments surrounding gene editing ethics have drawn significant attention from analysts and policymakers alike. Experts suggest the implications could be far-reaching, though the full impact remains to be seen. Multiple stakeholders are now calling for a coordinated response."
user-gemini,Just came across an article on climate change adaptation strategies and it is really making me reconsider some of my assumptions. Highly recommend giving it a read if you have not already.
user-human,"Analysts are closely watching developments related to digital divide in rural areas, noting that recent events mark a potential turning point. The situation underscores long-standing structural issues that have resisted easy solutions. Observers remain cautiously optimistic about prospects for reform."
user-human,"The relationship between education reform debates and broader societal outcomes remains poorly understood despite growing interest in the field. This study contributes to the literature by analyzing a dataset of 1,200 cases across five geographic regions. Results indicate statistically significant correlations, though causality cannot be established from observational data alone."
user-human,Recent scholarship on algorithmic bias in hiring has largely focused on surface-level manifestations while neglecting underlying structural determinants. This article challenges dominant assumptions and calls for a more nuanced approach that integrates interdisciplinary perspectives. Implications for policy and practice are discussed in the concluding section.
user-human,can we talk about mental health awareness campaigns for a sec because i feel like people are completely missing the point here. this is bigger than most realize
user-human,okay so i just read about social media misinformation and honestly?? i have so many thoughts. like WHY is this not getting more attention rn. thread ð§µð
user-human,"This paper examines food security in developing nations through a critical lens, drawing on empirical evidence gathered over a two-year period. The findings suggest that existing frameworks are insufficient to explain observed phenomena. We propose a revised model that accounts for contextual variability and systemic factors previously overlooked in the literature."
user-human,so supply chain disruptions happened and my timeline is UNHINGED. some of you need to calm down and some of you need to be WAY more concerned tbh
user-human,"Breaking- space exploration milestones. Sources close to the matter told reporters the situation developed rapidly over the past 48 hours. No official statement has been released, though a press conference is expected later today."
user-gpt,"Breaking- education reform debates. Sources close to the matter told reporters the situation developed rapidly over the past 48 hours. No official statement has been released, though a press conference is expected later today."
user-human,"A significant shift in gene editing ethics was reported this week, prompting reactions across political and scientific communities. The latest data, reviewed by independent experts, points to trends that challenge conventional assumptions. Officials have yet to release a formal response."
user-gpt,"Officials confirmed on Thursday that aging population challenges. The announcement came after weeks of speculation. Critics argue the move is premature, while supporters say it was long overdue. Public response has been divided along predictable lines."
user-human,"Existing literature on supply chain disruptions has predominantly relied on cross-sectional designs, limiting causal inference. The present research addresses this gap through a prospective cohort study spanning three years. Preliminary results indicate a statistically significant association (p less than 0.05) between key variables."
user-human,Recent scholarship on food security in developing nations has largely focused on surface-level manifestations while neglecting underlying structural determinants. This article challenges dominant assumptions and calls for a more nuanced approach that integrates interdisciplinary perspectives. Implications for policy and practice are discussed in the concluding section.
user-human,An investigation into biodiversity loss has uncovered new details that challenge the official narrative. Documents obtained through a freedom of information request suggest the issue is more complex than initially reported. Several key witnesses have declined to comment.
user-gemini,"Officials confirmed on Tuesday that space exploration milestones. The announcement came after weeks of speculation. Critics argue the move is premature, while supporters say it was long overdue. Public response has been divided along predictable lines."
user-human,"A growing body of research underscores the salience of space exploration milestones as both an academic and practical concern. This paper synthesizes findings from 47 peer-reviewed studies published between 2018 and 2024, identifying converging themes and methodological limitations. The results have implications for theory development and applied practice."
user-human,okay so i just read about remote work productivity and honestly?? i have so many thoughts. like WHY is this not getting more attention rn. thread ð§µð
user-human,"This paper examines water scarcity through a critical lens, drawing on empirical evidence gathered over a two-year period. The findings suggest that existing frameworks are insufficient to explain observed phenomena. We propose a revised model that accounts for contextual variability and systemic factors previously overlooked in the literature."
user-human,"the relationship between antibiotic resistance and broader societal outcomes remains poorly understood despite growing interest in the field. This study contributes to the literature by analyzing a dataset of 1,200 cases across five geographic regions. Results indicate statistically significant correlations, though causality cannot be established from observational data alone."
user-human,"The relationship between autonomous vehicle safety and broader societal outcomes remains poorly understood despite growing interest in the field. This study contributes to the literature by analyzing a dataset of 1,200 cases across five geographic regions. Results indicate statistically significant correlations, though causality cannot be established from observational data alone."
user-gpt,update on education reform debates- it is complicated and anyone telling you otherwise is selling something. do your own research please
user-human,"A significant shift in student debt crisis was reported this week, prompting reactions across political and scientific communities. The latest data, reviewed by independent experts, points to trends that challenge conventional assumptions. Officials have yet to release a formal response."
user-human,update on renewable energy adoption- it is complicated and anyone telling you otherwise is selling something. do your own research please
user-gpt,The theoretical underpinnings of data privacy legislation have evolved considerably over the past two decades. What began as a niche area of inquiry has grown into a robust field with competing schools of thought. This review synthesizes key debates and identifies gaps that warrant further empirical investigation.
user-human,"A significant shift in water scarcity was reported this week, prompting reactions across political and scientific communities. The latest data, reviewed by independent experts, points to trends that challenge conventional assumptions. Officials have yet to release a formal response."
user-gpt,Local authorities are responding to reports that water scarcity. Emergency services were alerted at approximately 9 AM. The incident is under investigation. Residents in nearby areas have been asked to remain indoors as a precaution.
user-gpt,"Existing literature on mental health awareness campaigns has predominantly relied on cross-sectional designs, limiting causal inference. The present research addresses this gap through a prospective cohort study spanning three years. Preliminary results indicate a statistically significant association (p less than 0.05) between key variables."
user-gemini,"Existing literature on social media misinformation has predominantly relied on cross-sectional designs, limiting causal inference. The present research addresses this gap through a prospective cohort study spanning three years. Preliminary results indicate a statistically significant association (p less than 0.05) between key variables."
user-gemini,"Analysts are closely watching developments related to gene editing ethics, noting that recent events mark a potential turning point. The situation underscores long-standing structural issues that have resisted easy solutions. Observers remain cautiously optimistic about prospects for reform."
user-human,"Been following the conversation about cryptocurrency market volatility for a while now â it is encouraging to see more people engaging with it seriously. We still have a long way to go, but progress is happening."
user-gpt,so renewable energy adoption happened and my timeline is UNHINGED. some of you need to calm down and some of you need to be WAY more concerned tbh
user-human,"A significant shift in mental health awareness campaigns was reported this week, prompting reactions across political and scientific communities. The latest data, reviewed by independent experts, points to trends that challenge conventional assumptions. Officials have yet to release a formal response."
user-gpt,can we talk about gene editing ethics for a sec because i feel like people are completely missing the point here. this is bigger than most realize
user-human,"The concept of space exploration milestones occupies a contested space within contemporary scholarly discourse. Divergent theoretical frameworks have produced inconsistent empirical findings, underscoring the need for methodological standardization. This paper proposes an integrative framework to reconcile competing interpretations."
user-human,"Breaking- cryptocurrency market volatility. Sources close to the matter told reporters the situation developed rapidly over the past 48 hours. No official statement has been released, though a press conference is expected later today."
user-gemini,An investigation into cryptocurrency market volatility has uncovered new details that challenge the official narrative. Documents obtained through a freedom of information request suggest the issue is more complex than initially reported. Several key witnesses have declined to comment.
user-human,"Spent the morning reading about education reform debates and came away genuinely hopeful. Yes, the challenges are real, but so are the opportunities. Let is focus on solutions."
user-gemini,The theoretical underpinnings of economic inequality trends have evolved considerably over the past two decades. What began as a niche area of inquiry has grown into a robust field with competing schools of thought. This review synthesizes key debates and identifies gaps that warrant further empirical investigation.
user-human,"Been following the conversation about public transit investment for a while now â it is encouraging to see more people engaging with it seriously. We still have a long way to go, but progress is happening."
user-human,"A new study published today reveals that aging population challenges. Researchers from several universities collaborated on the findings, which have been met with mixed reactions from the scientific community. The lead researcher said the results were unexpected but compelling."
user-human,"This paper examines antibiotic resistance through a critical lens, drawing on empirical evidence gathered over a two-year period. The findings suggest that existing frameworks are insufficient to explain observed phenomena. We propose a revised model that accounts for contextual variability and systemic factors previously overlooked in the literature."
user-gpt,idk why education reform debates keeps coming up but every time it does the discourse gets worse. we need better conversations about this fr
user-gemini,"The concept of data privacy legislation occupies a contested space within contemporary scholarly discourse. Divergent theoretical frameworks have produced inconsistent empirical findings, underscoring the need for methodological standardization. This paper proposes an integrative framework to reconcile competing interpretations."
user-human,"This analysis examines social media misinformation within the broader context of systemic transformation, drawing on interdisciplinary frameworks from sociology, economics, and political science. The data suggest that intervention at multiple levels is necessary for sustainable change. Policy recommendations are offered in alignment with current evidence-based standards."
user-human,Local authorities are responding to reports that vaccine distribution challenges. Emergency services were alerted at approximately 9 AM. The incident is under investigation. Residents in nearby areas have been asked to remain indoors as a precaution.
user-human,"A new study published today reveals that election integrity concerns. Researchers from several universities collaborated on the findings, which have been met with mixed reactions from the scientific community. The lead researcher said the results were unexpected but compelling."
user-human,"Breaking- cryptocurrency market volatility. Sources close to the matter told reporters the situation developed rapidly over the past 48 hours. No official statement has been released, though a press conference is expected later today."
user-human,"This paper examines food security in developing nations through a critical lens, drawing on empirical evidence gathered over a two-year period. The findings suggest that existing frameworks are insufficient to explain observed phenomena. We propose a revised model that accounts for contextual variability and systemic factors previously overlooked in the literature."
user-gemini,"Breaking- gig economy labor rights. Sources close to the matter told reporters the situation developed rapidly over the past 48 hours. No official statement has been released, though a press conference is expected later today."
user-human,"Analysts are closely watching developments related to supply chain disruptions, noting that recent events mark a potential turning point. The situation underscores long-standing structural issues that have resisted easy solutions. Observers remain cautiously optimistic about prospects for reform."
user-human,idk why supply chain disruptions keeps coming up but every time it does the discourse gets worse. we need better conversations about this fr
user-gemini,"Officials confirmed on Wednesday that cybersecurity threats to infrastructure. The announcement came after weeks of speculation. Critics argue the move is premature, while supporters say it was long overdue. Public response has been divided along predictable lines."
user-human,"The governance of antibiotic resistance presents unique challenges that existing regulatory frameworks are ill-equipped to address. Drawing on comparative case analysis across six jurisdictions, this study identifies best practices and areas of persistent failure. Recommendations are grounded in empirical evidence and stakeholder consultation."
user-human,"This paper examines food security in developing nations through a critical lens, drawing on empirical evidence gathered over a two-year period. The findings suggest that existing frameworks are insufficient to explain observed phenomena. We propose a revised model that accounts for contextual variability and systemic factors previously overlooked in the literature."
user-human,The theoretical underpinnings of education reform debates have evolved considerably over the past two decades. What began as a niche area of inquiry has grown into a robust field with competing schools of thought. This review synthesizes key debates and identifies gaps that warrant further empirical investigation.
user-human,"The relationship between economic inequality trends and broader societal outcomes remains poorly understood despite growing interest in the field. This study contributes to the literature by analyzing a dataset of 1,200 cases across five geographic regions. Results indicate statistically significant correlations, though causality cannot be established from observational data alone."
user-human,"The relationship between climate change adaptation strategies and broader societal outcomes remains poorly understood despite growing interest in the field. This study contributes to the literature by analyzing a dataset of 1,200 cases across five geographic regions. Results indicate statistically significant correlations, though causality cannot be established from observational data alone."
user-human,update on genomic research breakthroughs- it is complicated and anyone telling you otherwise is selling something. do your own research please
user-gpt,can we talk about education reform debates for a sec because i feel like people are completely missing the point here. this is bigger than most realize
user-gemini,"The concept of election integrity concerns occupies a contested space within contemporary scholarly discourse. Divergent theoretical frameworks have produced inconsistent empirical findings, underscoring the need for methodological standardization. This paper proposes an integrative framework to reconcile competing interpretations."
user-gemini,The conversation around digital divide in rural areas has intensified following the release of a comprehensive new report. The document highlights both progress made and persistent gaps that require urgent attention. International cooperation is being cited as essential to any meaningful solution.
user-gpt,"Analysts are closely watching developments related to vaccine distribution challenges, noting that recent events mark a potential turning point. The situation underscores long-standing structural issues that have resisted easy solutions. Observers remain cautiously optimistic about prospects for reform."
user-gemini,Just came across an article on water scarcity and it is really making me reconsider some of my assumptions. Highly recommend giving it a read if you have not already.
user-human,The conversation around cybersecurity threats to infrastructure has intensified following the release of a comprehensive new report. The document highlights both progress made and persistent gaps that require urgent attention. International cooperation is being cited as essential to any meaningful solution.
user-gemini,An investigation into mental health awareness campaigns has uncovered new details that challenge the official narrative. Documents obtained through a freedom of information request suggest the issue is more complex than initially reported. Several key witnesses have declined to comment.
user-gpt,"This analysis examines economic inequality trends within the broader context of systemic transformation, drawing on interdisciplinary frameworks from sociology, economics, and political science. The data suggest that intervention at multiple levels is necessary for sustainable change. Policy recommendations are offered in alignment with current evidence-based standards."
user-human,"New developments surrounding mental health awareness campaigns have drawn significant attention from analysts and policymakers alike. Experts suggest the implications could be far-reaching, though the full impact remains to be seen. Multiple stakeholders are now calling for a coordinated response."
user-human,hot take- gig economy labor rights is actually not that surprising if you have been paying attention. we have been saying this for years and nobody listened lol
user-gemini,"This paper examines urban housing shortages through a critical lens, drawing on empirical evidence gathered over a two-year period. The findings suggest that existing frameworks are insufficient to explain observed phenomena. We propose a revised model that accounts for contextual variability and systemic factors previously overlooked in the literature."
user-gemini,"Spent the morning reading about economic inequality trends and came away genuinely hopeful. Yes, the challenges are real, but so are the opportunities. Let is focus on solutions."
user-gemini,"A growing body of research underscores the salience of mental health awareness campaigns as both an academic and practical concern. This paper synthesizes findings from 47 peer-reviewed studies published between 2018 and 2024, identifying converging themes and methodological limitations. The results have implications for theory development and applied practice."
user-gpt,"The governance of education reform debates presents unique challenges that existing regulatory frameworks are ill-equipped to address. Drawing on comparative case analysis across six jurisdictions, this study identifies best practices and areas of persistent failure. Recommendations are grounded in empirical evidence and stakeholder consultation."
user-gpt,"New developments surrounding remote work productivity have drawn significant attention from analysts and policymakers alike. Experts suggest the implications could be far-reaching, though the full impact remains to be seen. Multiple stakeholders are now calling for a coordinated response."
user-human,"The concept of gene editing ethics occupies a contested space within contemporary scholarly discourse. Divergent theoretical frameworks have produced inconsistent empirical findings, underscoring the need for methodological standardization. This paper proposes an integrative framework to reconcile competing interpretations."
user-human,"This paper examines renewable energy adoption through a critical lens, drawing on empirical evidence gathered over a two-year period. The findings suggest that existing frameworks are insufficient to explain observed phenomena. We propose a revised model that accounts for contextual variability and systemic factors previously overlooked in the literature."
user-human,"This paper examines urban housing shortages through a critical lens, drawing on empirical evidence gathered over a two-year period. The findings suggest that existing frameworks are insufficient to explain observed phenomena. We propose a revised model that accounts for contextual variability and systemic factors previously overlooked in the literature."
user-gpt,The theoretical underpinnings of artificial intelligence regulation have evolved considerably over the past two decades. What began as a niche area of inquiry has grown into a robust field with competing schools of thought. This review synthesizes key debates and identifies gaps that warrant further empirical investigation.
user-human,The discourse around antibiotic resistance has become so exhausting. Can we please acknowledge the complexity here instead of reducing it to talking points?
user-human,Recent scholarship on supply chain disruptions has largely focused on surface-level manifestations while neglecting underlying structural determinants. This article challenges dominant assumptions and calls for a more nuanced approach that integrates interdisciplinary perspectives. Implications for policy and practice are discussed in the concluding section.
user-human,just saw someone arguing that mental health awareness campaigns is fine and i am genuinely baffled. do people not understand how this works?? ð­
user-gemini,"The relationship between biodiversity loss and broader societal outcomes remains poorly understood despite growing interest in the field. This study contributes to the literature by analyzing a dataset of 1,200 cases across five geographic regions. Results indicate statistically significant correlations, though causality cannot be established from observational data alone."
user-gemini,"A growing body of research underscores the salience of climate change adaptation strategies as both an academic and practical concern. This paper synthesizes findings from 47 peer-reviewed studies published between 2018 and 2024, identifying converging themes and methodological limitations. The results have implications for theory development and applied practice."
user-gpt,"Analysts are closely watching developments related to public transit investment, noting that recent events mark a potential turning point. The situation underscores long-standing structural issues that have resisted easy solutions. Observers remain cautiously optimistic about prospects for reform."
user-human,"New developments surrounding water scarcity have drawn significant attention from analysts and policymakers alike. Experts suggest the implications could be far-reaching, though the full impact remains to be seen. Multiple stakeholders are now calling for a coordinated response."
user-gpt,idk why biodiversity loss keeps coming up but every time it does the discourse gets worse. we need better conversations about this fr
user-human,"This study investigates the multifaceted dimensions of public transit investment, employing a mixed-methods approach to capture both quantitative patterns and qualitative nuances. The findings contribute to an evolving body of literature that challenges reductive theoretical models. Further longitudinal research is recommended to assess causal mechanisms."
user-human,"Breaking- data privacy legislation. Sources close to the matter told reporters the situation developed rapidly over the past 48 hours. No official statement has been released, though a press conference is expected later today."
user-human,hot take- economic inequality trends is actually not that surprising if you have been paying attention. we have been saying this for years and nobody listened lol
user-gpt,update on artificial intelligence regulation- it is complicated and anyone telling you otherwise is selling something. do your own research please
user-human,The discourse around urban housing shortages has become so exhausting. Can we please acknowledge the complexity here instead of reducing it to talking points?
user-human,"Breaking- food security in developing nations. Sources close to the matter told reporters the situation developed rapidly over the past 48 hours. No official statement has been released, though a press conference is expected later today."
user-human,okay so i just read about digital divide in rural areas and honestly?? i have so many thoughts. like WHY is this not getting more attention rn. thread ð§µð
user-human,"This paper examines supply chain disruptions through a critical lens, drawing on empirical evidence gathered over a two-year period. The findings suggest that existing frameworks are insufficient to explain observed phenomena. We propose a revised model that accounts for contextual variability and systemic factors previously overlooked in the literature."
user-human,"Breaking- cryptocurrency market volatility. Sources close to the matter told reporters the situation developed rapidly over the past 48 hours. No official statement has been released, though a press conference is expected later today."
user-gemini,"Breaking- mental health awareness campaigns. Sources close to the matter told reporters the situation developed rapidly over the past 48 hours. No official statement has been released, though a press conference is expected later today."
user-gemini,"According to recently released data, vaccine distribution challenges is emerging as one of the defining challenges of the decade. Experts from leading institutions have outlined a series of recommendations aimed at addressing the root causes. Stakeholders across sectors are now engaged in dialogue to determine next steps."
user-human,"This analysis examines antibiotic resistance within the broader context of systemic transformation, drawing on interdisciplinary frameworks from sociology, economics, and political science. The data suggest that intervention at multiple levels is necessary for sustainable change. Policy recommendations are offered in alignment with current evidence-based standards."
user-human,"Breaking- education reform debates. Sources close to the matter told reporters the situation developed rapidly over the past 48 hours. No official statement has been released, though a press conference is expected later today."
user-human,update on biodiversity loss- it is complicated and anyone telling you otherwise is selling something. do your own research please
user-human,"The relationship between climate change adaptation strategies and broader societal outcomes remains poorly understood despite growing interest in the field. This study contributes to the literature by analyzing a dataset of 1,200 cases across five geographic regions. Results indicate statistically significant correlations, though causality cannot be established from observational data alone."
user-human,"This paper examines gig economy labor rights through a critical lens, drawing on empirical evidence gathered over a two-year period. The findings suggest that existing frameworks are insufficient to explain observed phenomena. We propose a revised model that accounts for contextual variability and systemic factors previously overlooked in the literature."
user-human,update on biodiversity loss- it is complicated and anyone telling you otherwise is selling something. do your own research please
user-human,hot take- social media misinformation is actually not that surprising if you have been paying attention. we have been saying this for years and nobody listened lol
user-gpt,okay so i just read about space exploration milestones and honestly?? i have so many thoughts. like WHY is this not getting more attention rn. thread ð§µð
user-gpt,The discourse around social media misinformation has become so exhausting. Can we please acknowledge the complexity here instead of reducing it to talking points?
user-gemini,The discourse around data privacy legislation has become so exhausting. Can we please acknowledge the complexity here instead of reducing it to talking points?
user-gpt,"A growing body of research underscores the salience of space exploration milestones as both an academic and practical concern. This paper synthesizes findings from 47 peer-reviewed studies published between 2018 and 2024, identifying converging themes and methodological limitations. The results have implications for theory development and applied practice."
user-gpt,Just came across an article on cryptocurrency market volatility and it is really making me reconsider some of my assumptions. Highly recommend giving it a read if you have not already.
user-gpt,Just came across an article on mental health awareness campaigns and it is really making me reconsider some of my assumptions. Highly recommend giving it a read if you have not already.
user-gemini,"I have been thinking a lot about public transit investment lately, and I think we need to have a more nuanced conversation about it. The polarization is not helping anyone. Happy to discuss if you are open to it."
user-human,"This analysis examines election integrity concerns within the broader context of systemic transformation, drawing on interdisciplinary frameworks from sociology, economics, and political science. The data suggest that intervention at multiple levels is necessary for sustainable change. Policy recommendations are offered in alignment with current evidence-based standards."
user-gpt,"A new study published today reveals that supply chain disruptions. Researchers from several universities collaborated on the findings, which have been met with mixed reactions from the scientific community. The lead researcher said the results were unexpected but compelling."
user-human,"Existing literature on mental health awareness campaigns has predominantly relied on cross-sectional designs, limiting causal inference. The present research addresses this gap through a prospective cohort study spanning three years. Preliminary results indicate a statistically significant association (p less than 0.05) between key variables."
user-human,so aging population challenges happened and my timeline is UNHINGED. some of you need to calm down and some of you need to be WAY more concerned tbh
user-human,so autonomous vehicle safety happened and my timeline is UNHINGED. some of you need to calm down and some of you need to be WAY more concerned tbh
user-human,idk why data privacy legislation keeps coming up but every time it does the discourse gets worse. we need better conversations about this fr
user-human,"Breaking- genomic research breakthroughs. Sources close to the matter told reporters the situation developed rapidly over the past 48 hours. No official statement has been released, though a press conference is expected later today."
user-gpt,"This paper examines aging population challenges through a critical lens, drawing on empirical evidence gathered over a two-year period. The findings suggest that existing frameworks are insufficient to explain observed phenomena. We propose a revised model that accounts for contextual variability and systemic factors previously overlooked in the literature."
user-human,"New developments surrounding social media misinformation have drawn significant attention from analysts and policymakers alike. Experts suggest the implications could be far-reaching, though the full impact remains to be seen. Multiple stakeholders are now calling for a coordinated response."
user-gpt,update on gene editing ethics- it is complicated and anyone telling you otherwise is selling something. do your own research please
user-human,"A significant shift in biodiversity loss was reported this week, prompting reactions across political and scientific communities. The latest data, reviewed by independent experts, points to trends that challenge conventional assumptions. Officials have yet to release a formal response."
user-human,"Breaking- genomic research breakthroughs. Sources close to the matter told reporters the situation developed rapidly over the past 48 hours. No official statement has been released, though a press conference is expected later today."
user-human,"Officials confirmed on Friday that digital divide in rural areas. The announcement came after weeks of speculation. Critics argue the move is premature, while supporters say it was long overdue. Public response has been divided along predictable lines."
user-human,An investigation into cryptocurrency market volatility has uncovered new details that challenge the official narrative. Documents obtained through a freedom of information request suggest the issue is more complex than initially reported. Several key witnesses have declined to comment.
user-human,"Officials confirmed on Friday that gene editing ethics. The announcement came after weeks of speculation. Critics argue the move is premature, while supporters say it was long overdue. Public response has been divided along predictable lines."
user-human,local authorities are responding to reports that genomic research breakthroughs. Emergency services were alerted at approximately 9 AM. The incident is under investigation. Residents in nearby areas have been asked to remain indoors as a precaution.
user-gemini,Recent scholarship on vaccine distribution challenges has largely focused on surface-level manifestations while neglecting underlying structural determinants. This article challenges dominant assumptions and calls for a more nuanced approach that integrates interdisciplinary perspectives. Implications for policy and practice are discussed in the concluding section.
user-human,"Spent the morning reading about gig economy labor rights and came away genuinely hopeful. Yes, the challenges are real, but so are the opportunities. Let is focus on solutions."
user-human,The theoretical underpinnings of water scarcity have evolved considerably over the past two decades. What began as a niche area of inquiry has grown into a robust field with competing schools of thought. This review synthesizes key debates and identifies gaps that warrant further empirical investigation.
user-human,The theoretical underpinnings of remote work productivity have evolved considerably over the past two decades. What began as a niche area of inquiry has grown into a robust field with competing schools of thought. This review synthesizes key debates and identifies gaps that warrant further empirical investigation.
user-human,can we talk about gene editing ethics for a sec because i feel like people are completely missing the point here. this is bigger than most realize
user-gemini,so election integrity concerns happened and my timeline is UNHINGED. some of you need to calm down and some of you need to be WAY more concerned tbh
user-human,"Spent the morning reading about biodiversity loss and came away genuinely hopeful. Yes, the challenges are real, but so are the opportunities. Let is focus on solutions."
user-human,"Breaking- autonomous vehicle safety. Sources close to the matter told reporters the situation developed rapidly over the past 48 hours. No official statement has been released, though a press conference is expected later today."
user-human,Recent scholarship on water scarcity has largely focused on surface-level manifestations while neglecting underlying structural determinants. This article challenges dominant assumptions and calls for a more nuanced approach that integrates interdisciplinary perspectives. Implications for policy and practice are discussed in the concluding section.
user-gemini,"The relationship between antibiotic resistance and broader societal outcomes remains poorly understood despite growing interest in the field. This study contributes to the literature by analyzing a dataset of 1,200 cases across five geographic regions. Results indicate statistically significant correlations, though causality cannot be established from observational data alone."
user-gpt,"Analysts are closely watching developments related to space exploration milestones, noting that recent events mark a potential turning point. The situation underscores long-standing structural issues that have resisted easy solutions. Observers remain cautiously optimistic about prospects for reform."
user-human,Just came across an article on election integrity concerns and it is really making me reconsider some of my assumptions. Highly recommend giving it a read if you have not already.
user-human,The theoretical underpinnings of autonomous vehicle safety have evolved considerably over the past two decades. What began as a niche area of inquiry has grown into a robust field with competing schools of thought. This review synthesizes key debates and identifies gaps that warrant further empirical investigation.
user-human,update on genomic research breakthroughs- it is complicated and anyone telling you otherwise is selling something. do your own research please
user-gemini,idk why election integrity concerns keeps coming up but every time it does the discourse gets worse. we need better conversations about this fr
user-gemini,"A growing body of research underscores the salience of economic inequality trends as both an academic and practical concern. This paper synthesizes findings from 47 peer-reviewed studies published between 2018 and 2024, identifying converging themes and methodological limitations. The results have implications for theory development and applied practice."
user-gemini,"This analysis examines urban housing shortages within the broader context of systemic transformation, drawing on interdisciplinary frameworks from sociology, economics, and political science. The data suggest that intervention at multiple levels is necessary for sustainable change. Policy recommendations are offered in alignment with current evidence-based standards."
user-gemini,Really fascinating to see how quickly things are moving on nuclear energy policy. There is so much potential here if we approach it thoughtfully. What are your thoughts?
user-gemini,"According to recently released data, food security in developing nations is emerging as one of the defining challenges of the decade. Experts from leading institutions have outlined a series of recommendations aimed at addressing the root causes. Stakeholders across sectors are now engaged in dialogue to determine next steps."
user-human,"This analysis examines economic inequality trends within the broader context of systemic transformation, drawing on interdisciplinary frameworks from sociology, economics, and political science. The data suggest that intervention at multiple levels is necessary for sustainable change. Policy recommendations are offered in alignment with current evidence-based standards."
user-human,"A new study published today reveals that artificial intelligence regulation. Researchers from several universities collaborated on the findings, which have been met with mixed reactions from the scientific community. The lead researcher said the results were unexpected but compelling."
user-human,hot take- cryptocurrency market volatility is actually not that surprising if you have been paying attention. we have been saying this for years and nobody listened lol
user-gpt,"This paper examines autonomous vehicle safety through a critical lens, drawing on empirical evidence gathered over a two-year period. The findings suggest that existing frameworks are insufficient to explain observed phenomena. We propose a revised model that accounts for contextual variability and systemic factors previously overlooked in the literature."
user-gpt,"A significant shift in water scarcity was reported this week, prompting reactions across political and scientific communities. The latest data, reviewed by independent experts, points to trends that challenge conventional assumptions. Officials have yet to release a formal response."
user-gemini,"I have been thinking a lot about gig economy labor rights lately, and I think we need to have a more nuanced conversation about it. The polarization is not helping anyone. Happy to discuss if you are open to it."
user-human,"A growing body of research underscores the salience of artificial intelligence regulation as both an academic and practical concern. This paper synthesizes findings from 47 peer-reviewed studies published between 2018 and 2024, identifying converging themes and methodological limitations. The results have implications for theory development and applied practice."
user-gpt,"A new study published today reveals that social media misinformation. Researchers from several universities collaborated on the findings, which have been met with mixed reactions from the scientific community. The lead researcher said the results were unexpected but compelling."
user-human,"The concept of aging population challenges occupies a contested space within contemporary scholarly discourse. Divergent theoretical frameworks have produced inconsistent empirical findings, underscoring the need for methodological standardization. This paper proposes an integrative framework to reconcile competing interpretations."
user-human,Recent scholarship on genomic research breakthroughs has largely focused on surface-level manifestations while neglecting underlying structural determinants. This article challenges dominant assumptions and calls for a more nuanced approach that integrates interdisciplinary perspectives. Implications for policy and practice are discussed in the concluding section.
user-human,"a new study published today reveals that food security in developing nations. Researchers from several universities collaborated on the findings, which have been met with mixed reactions from the scientific community. The lead researcher said the results were unexpected but compelling."
user-human,okay so i just read about genomic research breakthroughs and honestly?? i have so many thoughts. like WHY is this not getting more attention rn. thread ð§µð
user-human,"A new study published today reveals that genomic research breakthroughs. Researchers from several universities collaborated on the findings, which have been met with mixed reactions from the scientific community. The lead researcher said the results were unexpected but compelling."
user-human,okay so i just read about artificial intelligence regulation and honestly?? i have so many thoughts. like WHY is this not getting more attention rn. thread ð§µð
user-human,update on vaccine distribution challenges- it is complicated and anyone telling you otherwise is selling something. do your own research please
user-gemini,"a new study published today reveals that nuclear energy policy. Researchers from several universities collaborated on the findings, which have been met with mixed reactions from the scientific community. The lead researcher said the results were unexpected but compelling."
user-human,Really fascinating to see how quickly things are moving on gene editing ethics. There is so much potential here if we approach it thoughtfully. What are your thoughts?
user-human,okay so i just read about vaccine distribution challenges and honestly?? i have so many thoughts. like WHY is this not getting more attention rn. thread ð§µð
user-human,"This paper examines autonomous vehicle safety through a critical lens, drawing on empirical evidence gathered over a two-year period. The findings suggest that existing frameworks are insufficient to explain observed phenomena. We propose a revised model that accounts for contextual variability and systemic factors previously overlooked in the literature."
user-human,"Breaking- biodiversity loss. Sources close to the matter told reporters the situation developed rapidly over the past 48 hours. No official statement has been released, though a press conference is expected later today."
user-human,Local authorities are responding to reports that cybersecurity threats to infrastructure. Emergency services were alerted at approximately 9 AM. The incident is under investigation. Residents in nearby areas have been asked to remain indoors as a precaution.
user-gpt,The theoretical underpinnings of autonomous vehicle safety have evolved considerably over the past two decades. What began as a niche area of inquiry has grown into a robust field with competing schools of thought. This review synthesizes key debates and identifies gaps that warrant further empirical investigation.
user-gpt,"This study investigates the multifaceted dimensions of public transit investment, employing a mixed-methods approach to capture both quantitative patterns and qualitative nuances. The findings contribute to an evolving body of literature that challenges reductive theoretical models. Further longitudinal research is recommended to assess causal mechanisms."
user-human,"New developments surrounding antibiotic resistance have drawn significant attention from analysts and policymakers alike. Experts suggest the implications could be far-reaching, though the full impact remains to be seen. Multiple stakeholders are now calling for a coordinated response."
user-human,"Officials confirmed on Thursday that remote work productivity. The announcement came after weeks of speculation. Critics argue the move is premature, while supporters say it was long overdue. Public response has been divided along predictable lines."
user-human,"This paper examines social media misinformation through a critical lens, drawing on empirical evidence gathered over a two-year period. The findings suggest that existing frameworks are insufficient to explain observed phenomena. We propose a revised model that accounts for contextual variability and systemic factors previously overlooked in the literature."
user-gemini,so gig economy labor rights happened and my timeline is UNHINGED. some of you need to calm down and some of you need to be WAY more concerned tbh
user-human,"A growing body of research underscores the salience of supply chain disruptions as both an academic and practical concern. This paper synthesizes findings from 47 peer-reviewed studies published between 2018 and 2024, identifying converging themes and methodological limitations. The results have implications for theory development and applied practice."
user-human,"A new study published today reveals that student debt crisis. Researchers from several universities collaborated on the findings, which have been met with mixed reactions from the scientific community. The lead researcher said the results were unexpected but compelling."
user-gemini,idk why space exploration milestones keeps coming up but every time it does the discourse gets worse. we need better conversations about this fr
user-human,"According to recently released data, food security in developing nations is emerging as one of the defining challenges of the decade. Experts from leading institutions have outlined a series of recommendations aimed at addressing the root causes. Stakeholders across sectors are now engaged in dialogue to determine next steps."
user-gemini,"Breaking- aging population challenges. Sources close to the matter told reporters the situation developed rapidly over the past 48 hours. No official statement has been released, though a press conference is expected later today."
user-human,"The governance of nuclear energy policy presents unique challenges that existing regulatory frameworks are ill-equipped to address. Drawing on comparative case analysis across six jurisdictions, this study identifies best practices and areas of persistent failure. Recommendations are grounded in empirical evidence and stakeholder consultation."
user-gemini,so student debt crisis happened and my timeline is UNHINGED. some of you need to calm down and some of you need to be WAY more concerned tbh
user-gpt,"Spent the morning reading about election integrity concerns and came away genuinely hopeful. Yes, the challenges are real, but so are the opportunities. Let is focus on solutions."
user-human,"This study investigates the multifaceted dimensions of autonomous vehicle safety, employing a mixed-methods approach to capture both quantitative patterns and qualitative nuances. The findings contribute to an evolving body of literature that challenges reductive theoretical models. Further longitudinal research is recommended to assess causal mechanisms."
user-human,"The relationship between algorithmic bias in hiring and broader societal outcomes remains poorly understood despite growing interest in the field. This study contributes to the literature by analyzing a dataset of 1,200 cases across five geographic regions. Results indicate statistically significant correlations, though causality cannot be established from observational data alone."
user-human,"A new study published today reveals that education reform debates. Researchers from several universities collaborated on the findings, which have been met with mixed reactions from the scientific community. The lead researcher said the results were unexpected but compelling."
user-human,"This paper examines education reform debates through a critical lens, drawing on empirical evidence gathered over a two-year period. The findings suggest that existing frameworks are insufficient to explain observed phenomena. We propose a revised model that accounts for contextual variability and systemic factors previously overlooked in the literature."
user-human,Recent scholarship on remote work productivity has largely focused on surface-level manifestations while neglecting underlying structural determinants. This article challenges dominant assumptions and calls for a more nuanced approach that integrates interdisciplinary perspectives. Implications for policy and practice are discussed in the concluding section.
user-human,"The relationship between economic inequality trends and broader societal outcomes remains poorly understood despite growing interest in the field. This study contributes to the literature by analyzing a dataset of 1,200 cases across five geographic regions. Results indicate statistically significant correlations, though causality cannot be established from observational data alone."
user-human,An investigation into food security in developing nations has uncovered new details that challenge the official narrative. Documents obtained through a freedom of information request suggest the issue is more complex than initially reported. Several key witnesses have declined to comment.
user-human,The theoretical underpinnings of vaccine distribution challenges have evolved considerably over the past two decades. What began as a niche area of inquiry has grown into a robust field with competing schools of thought. This review synthesizes key debates and identifies gaps that warrant further empirical investigation.
user-human,"Breaking- mental health awareness campaigns. Sources close to the matter told reporters the situation developed rapidly over the past 48 hours. No official statement has been released, though a press conference is expected later today."
user-gpt,update on student debt crisis- it is complicated and anyone telling you otherwise is selling something. do your own research please
user-human,"I have been thinking a lot about biodiversity loss lately, and I think we need to have a more nuanced conversation about it. The polarization is not helping anyone. Happy to discuss if you are open to it."
user-gemini,The theoretical underpinnings of mental health awareness campaigns have evolved considerably over the past two decades. What began as a niche area of inquiry has grown into a robust field with competing schools of thought. This review synthesizes key debates and identifies gaps that warrant further empirical investigation.
user-gpt,"This analysis examines mental health awareness campaigns within the broader context of systemic transformation, drawing on interdisciplinary frameworks from sociology, economics, and political science. The data suggest that intervention at multiple levels is necessary for sustainable change. Policy recommendations are offered in alignment with current evidence-based standards."
user-human,The discourse around cryptocurrency market volatility has become so exhausting. Can we please acknowledge the complexity here instead of reducing it to talking points?
user-human,okay so i just read about antibiotic resistance and honestly?? i have so many thoughts. like WHY is this not getting more attention rn. thread ð§µð
user-human,can we talk about public transit investment for a sec because i feel like people are completely missing the point here. this is bigger than most realize
user-gpt,"Officials confirmed on Wednesday that water scarcity. The announcement came after weeks of speculation. Critics argue the move is premature, while supporters say it was long overdue. Public response has been divided along predictable lines."
user-human,"This study investigates the multifaceted dimensions of aging population challenges, employing a mixed-methods approach to capture both quantitative patterns and qualitative nuances. The findings contribute to an evolving body of literature that challenges reductive theoretical models. Further longitudinal research is recommended to assess causal mechanisms."
user-human,just saw someone arguing that water scarcity is fine and i am genuinely baffled. do people not understand how this works?? ð­
user-human,Local authorities are responding to reports that election integrity concerns. Emergency services were alerted at approximately 9 AM. The incident is under investigation. Residents in nearby areas have been asked to remain indoors as a precaution.
user-human,Local authorities are responding to reports that nuclear energy policy. Emergency services were alerted at approximately 9 AM. The incident is under investigation. Residents in nearby areas have been asked to remain indoors as a precaution.
user-human,hot take- artificial intelligence regulation is actually not that surprising if you have been paying attention. we have been saying this for years and nobody listened lol
user-human,"A new study published today reveals that nuclear energy policy. Researchers from several universities collaborated on the findings, which have been met with mixed reactions from the scientific community. The lead researcher said the results were unexpected but compelling."
user-gpt,Recent scholarship on digital divide in rural areas has largely focused on surface-level manifestations while neglecting underlying structural determinants. This article challenges dominant assumptions and calls for a more nuanced approach that integrates interdisciplinary perspectives. Implications for policy and practice are discussed in the concluding section.
user-gpt,"The concept of artificial intelligence regulation occupies a contested space within contemporary scholarly discourse. Divergent theoretical frameworks have produced inconsistent empirical findings, underscoring the need for methodological standardization. This paper proposes an integrative framework to reconcile competing interpretations."
user-gemini,Just came across an article on economic inequality trends and it is really making me reconsider some of my assumptions. Highly recommend giving it a read if you have not already.
user-gpt,"According to recently released data, social media misinformation is emerging as one of the defining challenges of the decade. Experts from leading institutions have outlined a series of recommendations aimed at addressing the root causes. Stakeholders across sectors are now engaged in dialogue to determine next steps."
user-gemini,"I have been thinking a lot about vaccine distribution challenges lately, and I think we need to have a more nuanced conversation about it. The polarization is not helping anyone. Happy to discuss if you are open to it."
user-human,"This analysis examines remote work productivity within the broader context of systemic transformation, drawing on interdisciplinary frameworks from sociology, economics, and political science. The data suggest that intervention at multiple levels is necessary for sustainable change. Policy recommendations are offered in alignment with current evidence-based standards."
user-human,hot take- cybersecurity threats to infrastructure is actually not that surprising if you have been paying attention. we have been saying this for years and nobody listened lol
user-human,"This paper examines cybersecurity threats to infrastructure through a critical lens, drawing on empirical evidence gathered over a two-year period. The findings suggest that existing frameworks are insufficient to explain observed phenomena. We propose a revised model that accounts for contextual variability and systemic factors previously overlooked in the literature."
user-gpt,Local authorities are responding to reports that gene editing ethics. Emergency services were alerted at approximately 9 AM. The incident is under investigation. Residents in nearby areas have been asked to remain indoors as a precaution.
user-human,"New developments surrounding water scarcity have drawn significant attention from analysts and policymakers alike. Experts suggest the implications could be far-reaching, though the full impact remains to be seen. Multiple stakeholders are now calling for a coordinated response."
user-human,Recent scholarship on renewable energy adoption has largely focused on surface-level manifestations while neglecting underlying structural determinants. This article challenges dominant assumptions and calls for a more nuanced approach that integrates interdisciplinary perspectives. Implications for policy and practice are discussed in the concluding section.
user-gpt,Recent scholarship on space exploration milestones has largely focused on surface-level manifestations while neglecting underlying structural determinants. This article challenges dominant assumptions and calls for a more nuanced approach that integrates interdisciplinary perspectives. Implications for policy and practice are discussed in the concluding section.
user-gemini,"This study investigates the multifaceted dimensions of vaccine distribution challenges, employing a mixed-methods approach to capture both quantitative patterns and qualitative nuances. The findings contribute to an evolving body of literature that challenges reductive theoretical models. Further longitudinal research is recommended to assess causal mechanisms."
user-human,"A growing body of research underscores the salience of cybersecurity threats to infrastructure as both an academic and practical concern. This paper synthesizes findings from 47 peer-reviewed studies published between 2018 and 2024, identifying converging themes and methodological limitations. The results have implications for theory development and applied practice."
user-human,okay so i just read about algorithmic bias in hiring and honestly?? i have so many thoughts. like WHY is this not getting more attention rn. thread ð§µð
user-gemini,update on renewable energy adoption- it is complicated and anyone telling you otherwise is selling something. do your own research please
user-human,The conversation around digital divide in rural areas has intensified following the release of a comprehensive new report. The document highlights both progress made and persistent gaps that require urgent attention. International cooperation is being cited as essential to any meaningful solution.
user-gpt,"This paper examines climate change adaptation strategies through a critical lens, drawing on empirical evidence gathered over a two-year period. The findings suggest that existing frameworks are insufficient to explain observed phenomena. We propose a revised model that accounts for contextual variability and systemic factors previously overlooked in the literature."
user-human,"A significant shift in remote work productivity was reported this week, prompting reactions across political and scientific communities. The latest data, reviewed by independent experts, points to trends that challenge conventional assumptions. Officials have yet to release a formal response."
user-gemini,can we talk about climate change adaptation strategies for a sec because i feel like people are completely missing the point here. this is bigger than most realize
user-human,"According to recently released data, education reform debates is emerging as one of the defining challenges of the decade. Experts from leading institutions have outlined a series of recommendations aimed at addressing the root causes. Stakeholders across sectors are now engaged in dialogue to determine next steps."
user-gpt,update on cybersecurity threats to infrastructure- it is complicated and anyone telling you otherwise is selling something. do your own research please
user-human,"Existing literature on vaccine distribution challenges has predominantly relied on cross-sectional designs, limiting causal inference. The present research addresses this gap through a prospective cohort study spanning three years. Preliminary results indicate a statistically significant association (p less than 0.05) between key variables."
user-gemini,Local authorities are responding to reports that urban housing shortages. Emergency services were alerted at approximately 9 AM. The incident is under investigation. Residents in nearby areas have been asked to remain indoors as a precaution.
user-gpt,"Analysts are closely watching developments related to gig economy labor rights, noting that recent events mark a potential turning point. The situation underscores long-standing structural issues that have resisted easy solutions. Observers remain cautiously optimistic about prospects for reform."
user-gemini,Concerns over economic inequality trends continue to mount as new evidence emerges. A coalition of researchers has issued an open letter urging immediate action. The debate reflects deeper tensions about resource allocation and long-term planning.
user-human,Really fascinating to see how quickly things are moving on biodiversity loss. There is so much potential here if we approach it thoughtfully. What are your thoughts?
user-human,Local authorities are responding to reports that digital divide in rural areas. Emergency services were alerted at approximately 9 AM. The incident is under investigation. Residents in nearby areas have been asked to remain indoors as a precaution.
user-human,idk why gene editing ethics keeps coming up but every time it does the discourse gets worse. we need better conversations about this fr
user-gpt,idk why public transit investment keeps coming up but every time it does the discourse gets worse. we need better conversations about this fr
user-human,"This study investigates the multifaceted dimensions of biodiversity loss, employing a mixed-methods approach to capture both quantitative patterns and qualitative nuances. The findings contribute to an evolving body of literature that challenges reductive theoretical models. Further longitudinal research is recommended to assess causal mechanisms."
user-human,"A new study published today reveals that algorithmic bias in hiring. Researchers from several universities collaborated on the findings, which have been met with mixed reactions from the scientific community. The lead researcher said the results were unexpected but compelling."
user-human,idk why election integrity concerns keeps coming up but every time it does the discourse gets worse. we need better conversations about this fr
user-human,just saw someone arguing that genomic research breakthroughs is fine and i am genuinely baffled. do people not understand how this works?? ð­
user-human,hot take- data privacy legislation is actually not that surprising if you have been paying attention. we have been saying this for years and nobody listened lol
user-human,okay so i just read about social media misinformation and honestly?? i have so many thoughts. like WHY is this not getting more attention rn. thread ð§µð
user-human,"This paper examines digital divide in rural areas through a critical lens, drawing on empirical evidence gathered over a two-year period. The findings suggest that existing frameworks are insufficient to explain observed phenomena. We propose a revised model that accounts for contextual variability and systemic factors previously overlooked in the literature."
user-gemini,"officials confirmed on Monday that cybersecurity threats to infrastructure. The announcement came after weeks of speculation. Critics argue the move is premature, while supporters say it was long overdue. Public response has been divided along predictable lines."
user-human,"Analysts are closely watching developments related to mental health awareness campaigns, noting that recent events mark a potential turning point. The situation underscores long-standing structural issues that have resisted easy solutions. Observers remain cautiously optimistic about prospects for reform."
user-human,idk why renewable energy adoption keeps coming up but every time it does the discourse gets worse. we need better conversations about this fr
user-gpt,"The relationship between election integrity concerns and broader societal outcomes remains poorly understood despite growing interest in the field. This study contributes to the literature by analyzing a dataset of 1,200 cases across five geographic regions. Results indicate statistically significant correlations, though causality cannot be established from observational data alone."
user-human,The discourse around space exploration milestones has become so exhausting. Can we please acknowledge the complexity here instead of reducing it to talking points?
user-gemini,The theoretical underpinnings of nuclear energy policy have evolved considerably over the past two decades. What began as a niche area of inquiry has grown into a robust field with competing schools of thought. This review synthesizes key debates and identifies gaps that warrant further empirical investigation.
user-human,"According to recently released data, artificial intelligence regulation is emerging as one of the defining challenges of the decade. Experts from leading institutions have outlined a series of recommendations aimed at addressing the root causes. Stakeholders across sectors are now engaged in dialogue to determine next steps."
user-human,Recent scholarship on biodiversity loss has largely focused on surface-level manifestations while neglecting underlying structural determinants. This article challenges dominant assumptions and calls for a more nuanced approach that integrates interdisciplinary perspectives. Implications for policy and practice are discussed in the concluding section.
user-gpt,"This paper examines nuclear energy policy through a critical lens, drawing on empirical evidence gathered over a two-year period. The findings suggest that existing frameworks are insufficient to explain observed phenomena. We propose a revised model that accounts for contextual variability and systemic factors previously overlooked in the literature."
user-human,"New developments surrounding aging population challenges have drawn significant attention from analysts and policymakers alike. Experts suggest the implications could be far-reaching, though the full impact remains to be seen. Multiple stakeholders are now calling for a coordinated response."
user-human,An investigation into student debt crisis has uncovered new details that challenge the official narrative. Documents obtained through a freedom of information request suggest the issue is more complex than initially reported. Several key witnesses have declined to comment.
user-human,"The relationship between gene editing ethics and broader societal outcomes remains poorly understood despite growing interest in the field. This study contributes to the literature by analyzing a dataset of 1,200 cases across five geographic regions. Results indicate statistically significant correlations, though causality cannot be established from observational data alone."
user-gpt,okay so i just read about vaccine distribution challenges and honestly?? i have so many thoughts. like WHY is this not getting more attention rn. thread ð§µð
user-gpt,"This study investigates the multifaceted dimensions of biodiversity loss, employing a mixed-methods approach to capture both quantitative patterns and qualitative nuances. The findings contribute to an evolving body of literature that challenges reductive theoretical models. Further longitudinal research is recommended to assess causal mechanisms."
user-human,The discourse around vaccine distribution challenges has become so exhausting. Can we please acknowledge the complexity here instead of reducing it to talking points?
user-human,update on algorithmic bias in hiring- it is complicated and anyone telling you otherwise is selling something. do your own research please
user-gpt,Recent scholarship on student debt crisis has largely focused on surface-level manifestations while neglecting underlying structural determinants. This article challenges dominant assumptions and calls for a more nuanced approach that integrates interdisciplinary perspectives. Implications for policy and practice are discussed in the concluding section.
user-human,"New developments surrounding urban housing shortages have drawn significant attention from analysts and policymakers alike. Experts suggest the implications could be far-reaching, though the full impact remains to be seen. Multiple stakeholders are now calling for a coordinated response."
user-human,An investigation into social media misinformation has uncovered new details that challenge the official narrative. Documents obtained through a freedom of information request suggest the issue is more complex than initially reported. Several key witnesses have declined to comment.
user-human,An investigation into nuclear energy policy has uncovered new details that challenge the official narrative. Documents obtained through a freedom of information request suggest the issue is more complex than initially reported. Several key witnesses have declined to comment.
user-human,so economic inequality trends happened and my timeline is UNHINGED. some of you need to calm down and some of you need to be WAY more concerned tbh
user-human,"This paper examines food security in developing nations through a critical lens, drawing on empirical evidence gathered over a two-year period. The findings suggest that existing frameworks are insufficient to explain observed phenomena. We propose a revised model that accounts for contextual variability and systemic factors previously overlooked in the literature."
user-gemini,okay so i just read about autonomous vehicle safety and honestly?? i have so many thoughts. like WHY is this not getting more attention rn. thread ð§µð
user-human,"The governance of nuclear energy policy presents unique challenges that existing regulatory frameworks are ill-equipped to address. Drawing on comparative case analysis across six jurisdictions, this study identifies best practices and areas of persistent failure. Recommendations are grounded in empirical evidence and stakeholder consultation."
user-human,"The relationship between student debt crisis and broader societal outcomes remains poorly understood despite growing interest in the field. This study contributes to the literature by analyzing a dataset of 1,200 cases across five geographic regions. Results indicate statistically significant correlations, though causality cannot be established from observational data alone."
user-human,The theoretical underpinnings of food security in developing nations have evolved considerably over the past two decades. What began as a niche area of inquiry has grown into a robust field with competing schools of thought. This review synthesizes key debates and identifies gaps that warrant further empirical investigation.
user-human,"A new study published today reveals that student debt crisis. Researchers from several universities collaborated on the findings, which have been met with mixed reactions from the scientific community. The lead researcher said the results were unexpected but compelling."
user-gemini,Local authorities are responding to reports that space exploration milestones. Emergency services were alerted at approximately 9 AM. The incident is under investigation. Residents in nearby areas have been asked to remain indoors as a precaution.
user-human,"Been following the conversation about vaccine distribution challenges for a while now â it is encouraging to see more people engaging with it seriously. We still have a long way to go, but progress is happening."
user-human,"A new study published today reveals that mental health awareness campaigns. Researchers from several universities collaborated on the findings, which have been met with mixed reactions from the scientific community. The lead researcher said the results were unexpected but compelling."
user-gemini,can we talk about social media misinformation for a sec because i feel like people are completely missing the point here. this is bigger than most realize
user-human,"Analysts are closely watching developments related to food security in developing nations, noting that recent events mark a potential turning point. The situation underscores long-standing structural issues that have resisted easy solutions. Observers remain cautiously optimistic about prospects for reform."
user-gemini,The theoretical underpinnings of water scarcity have evolved considerably over the past two decades. What began as a niche area of inquiry has grown into a robust field with competing schools of thought. This review synthesizes key debates and identifies gaps that warrant further empirical investigation.
user-gpt,"The governance of gig economy labor rights presents unique challenges that existing regulatory frameworks are ill-equipped to address. Drawing on comparative case analysis across six jurisdictions, this study identifies best practices and areas of persistent failure. Recommendations are grounded in empirical evidence and stakeholder consultation."
user-gemini,"I have been thinking a lot about genomic research breakthroughs lately, and I think we need to have a more nuanced conversation about it. The polarization is not helping anyone. Happy to discuss if you are open to it."
user-human,"According to recently released data, water scarcity is emerging as one of the defining challenges of the decade. Experts from leading institutions have outlined a series of recommendations aimed at addressing the root causes. Stakeholders across sectors are now engaged in dialogue to determine next steps."
user-human,Local authorities are responding to reports that election integrity concerns. Emergency services were alerted at approximately 9 AM. The incident is under investigation. Residents in nearby areas have been asked to remain indoors as a precaution.
user-human,the theoretical underpinnings of water scarcity have evolved considerably over the past two decades. What began as a niche area of inquiry has grown into a robust field with competing schools of thought. This review synthesizes key debates and identifies gaps that warrant further empirical investigation.
user-human,"This paper examines cryptocurrency market volatility through a critical lens, drawing on empirical evidence gathered over a two-year period. The findings suggest that existing frameworks are insufficient to explain observed phenomena. We propose a revised model that accounts for contextual variability and systemic factors previously overlooked in the literature."
user-human,"The relationship between education reform debates and broader societal outcomes remains poorly understood despite growing interest in the field. This study contributes to the literature by analyzing a dataset of 1,200 cases across five geographic regions. Results indicate statistically significant correlations, though causality cannot be established from observational data alone."
user-human,The theoretical underpinnings of supply chain disruptions have evolved considerably over the past two decades. What began as a niche area of inquiry has grown into a robust field with competing schools of thought. This review synthesizes key debates and identifies gaps that warrant further empirical investigation.
user-human,"Officials confirmed on Tuesday that algorithmic bias in hiring. The announcement came after weeks of speculation. Critics argue the move is premature, while supporters say it was long overdue. Public response has been divided along predictable lines."
user-gemini,"Breaking- supply chain disruptions. Sources close to the matter told reporters the situation developed rapidly over the past 48 hours. No official statement has been released, though a press conference is expected later today."
user-human,"Analysts are closely watching developments related to urban housing shortages, noting that recent events mark a potential turning point. The situation underscores long-standing structural issues that have resisted easy solutions. Observers remain cautiously optimistic about prospects for reform."
user-human,"Officials confirmed on Tuesday that election integrity concerns. The announcement came after weeks of speculation. Critics argue the move is premature, while supporters say it was long overdue. Public response has been divided along predictable lines."
user-gemini,"This paper examines space exploration milestones through a critical lens, drawing on empirical evidence gathered over a two-year period. The findings suggest that existing frameworks are insufficient to explain observed phenomena. We propose a revised model that accounts for contextual variability and systemic factors previously overlooked in the literature."
user-human,"Analysts are closely watching developments related to urban housing shortages, noting that recent events mark a potential turning point. The situation underscores long-standing structural issues that have resisted easy solutions. Observers remain cautiously optimistic about prospects for reform."
user-human,"Breaking- digital divide in rural areas. Sources close to the matter told reporters the situation developed rapidly over the past 48 hours. No official statement has been released, though a press conference is expected later today."
user-human,"This paper examines economic inequality trends through a critical lens, drawing on empirical evidence gathered over a two-year period. The findings suggest that existing frameworks are insufficient to explain observed phenomena. We propose a revised model that accounts for contextual variability and systemic factors previously overlooked in the literature."
user-human,idk why space exploration milestones keeps coming up but every time it does the discourse gets worse. we need better conversations about this fr
user-human,"This paper examines remote work productivity through a critical lens, drawing on empirical evidence gathered over a two-year period. The findings suggest that existing frameworks are insufficient to explain observed phenomena. We propose a revised model that accounts for contextual variability and systemic factors previously overlooked in the literature."
user-human,Recent scholarship on supply chain disruptions has largely focused on surface-level manifestations while neglecting underlying structural determinants. This article challenges dominant assumptions and calls for a more nuanced approach that integrates interdisciplinary perspectives. Implications for policy and practice are discussed in the concluding section.
user-gpt,"Officials confirmed on Thursday that social media misinformation. The announcement came after weeks of speculation. Critics argue the move is premature, while supporters say it was long overdue. Public response has been divided along predictable lines."
user-human,Just came across an article on remote work productivity and it is really making me reconsider some of my assumptions. Highly recommend giving it a read if you have not already.
user-gpt,An investigation into public transit investment has uncovered new details that challenge the official narrative. Documents obtained through a freedom of information request suggest the issue is more complex than initially reported. Several key witnesses have declined to comment.
user-human,Concerns over water scarcity continue to mount as new evidence emerges. A coalition of researchers has issued an open letter urging immediate action. The debate reflects deeper tensions about resource allocation and long-term planning.
user-human,"The relationship between renewable energy adoption and broader societal outcomes remains poorly understood despite growing interest in the field. This study contributes to the literature by analyzing a dataset of 1,200 cases across five geographic regions. Results indicate statistically significant correlations, though causality cannot be established from observational data alone."
user-human,"This paper examines food security in developing nations through a critical lens, drawing on empirical evidence gathered over a two-year period. The findings suggest that existing frameworks are insufficient to explain observed phenomena. We propose a revised model that accounts for contextual variability and systemic factors previously overlooked in the literature."
user-human,Recent scholarship on nuclear energy policy has largely focused on surface-level manifestations while neglecting underlying structural determinants. This article challenges dominant assumptions and calls for a more nuanced approach that integrates interdisciplinary perspectives. Implications for policy and practice are discussed in the concluding section.
user-human,"This paper examines student debt crisis through a critical lens, drawing on empirical evidence gathered over a two-year period. The findings suggest that existing frameworks are insufficient to explain observed phenomena. We propose a revised model that accounts for contextual variability and systemic factors previously overlooked in the literature."
user-human,"This paper examines algorithmic bias in hiring through a critical lens, drawing on empirical evidence gathered over a two-year period. The findings suggest that existing frameworks are insufficient to explain observed phenomena. We propose a revised model that accounts for contextual variability and systemic factors previously overlooked in the literature."
user-human,"This paper examines election integrity concerns through a critical lens, drawing on empirical evidence gathered over a two-year period. The findings suggest that existing frameworks are insufficient to explain observed phenomena. We propose a revised model that accounts for contextual variability and systemic factors previously overlooked in the literature."
user-human,Local authorities are responding to reports that aging population challenges. Emergency services were alerted at approximately 9 AM. The incident is under investigation. Residents in nearby areas have been asked to remain indoors as a precaution.
user-gpt,Recent scholarship on space exploration milestones has largely focused on surface-level manifestations while neglecting underlying structural determinants. This article challenges dominant assumptions and calls for a more nuanced approach that integrates interdisciplinary perspectives. Implications for policy and practice are discussed in the concluding section.
user-human,"Existing literature on biodiversity loss has predominantly relied on cross-sectional designs, limiting causal inference. The present research addresses this gap through a prospective cohort study spanning three years. Preliminary results indicate a statistically significant association (p less than 0.05) between key variables."
user-gpt,"A new study published today reveals that biodiversity loss. Researchers from several universities collaborated on the findings, which have been met with mixed reactions from the scientific community. The lead researcher said the results were unexpected but compelling."
user-human,"New developments surrounding antibiotic resistance have drawn significant attention from analysts and policymakers alike. Experts suggest the implications could be far-reaching, though the full impact remains to be seen. Multiple stakeholders are now calling for a coordinated response."
user-human,"This paper examines genomic research breakthroughs through a critical lens, drawing on empirical evidence gathered over a two-year period. The findings suggest that existing frameworks are insufficient to explain observed phenomena. We propose a revised model that accounts for contextual variability and systemic factors previously overlooked in the literature."
user-human,"The relationship between gene editing ethics and broader societal outcomes remains poorly understood despite growing interest in the field. This study contributes to the literature by analyzing a dataset of 1,200 cases across five geographic regions. Results indicate statistically significant correlations, though causality cannot be established from observational data alone."
user-human,update on food security in developing nations- it is complicated and anyone telling you otherwise is selling something. do your own research please
user-gemini,so mental health awareness campaigns happened and my timeline is UNHINGED. some of you need to calm down and some of you need to be WAY more concerned tbh
user-human,The conversation around algorithmic bias in hiring has intensified following the release of a comprehensive new report. The document highlights both progress made and persistent gaps that require urgent attention. International cooperation is being cited as essential to any meaningful solution.
user-human,can we talk about cryptocurrency market volatility for a sec because i feel like people are completely missing the point here. this is bigger than most realize
user-human,hot take- cybersecurity threats to infrastructure is actually not that surprising if you have been paying attention. we have been saying this for years and nobody listened lol
user-human,Local authorities are responding to reports that food security in developing nations. Emergency services were alerted at approximately 9 AM. The incident is under investigation. Residents in nearby areas have been asked to remain indoors as a precaution.
user-human,so cryptocurrency market volatility happened and my timeline is UNHINGED. some of you need to calm down and some of you need to be WAY more concerned tbh
user-human,Recent scholarship on economic inequality trends has largely focused on surface-level manifestations while neglecting underlying structural determinants. This article challenges dominant assumptions and calls for a more nuanced approach that integrates interdisciplinary perspectives. Implications for policy and practice are discussed in the concluding section.
user-human,so cybersecurity threats to infrastructure happened and my timeline is UNHINGED. some of you need to calm down and some of you need to be WAY more concerned tbh
user-gpt,"A new study published today reveals that antibiotic resistance. Researchers from several universities collaborated on the findings, which have been met with mixed reactions from the scientific community. The lead researcher said the results were unexpected but compelling."
user-gemini,Concerns over vaccine distribution challenges continue to mount as new evidence emerges. A coalition of researchers has issued an open letter urging immediate action. The debate reflects deeper tensions about resource allocation and long-term planning.
user-human,"Been following the conversation about urban housing shortages for a while now â it is encouraging to see more people engaging with it seriously. We still have a long way to go, but progress is happening."
user-human,"A new study published today reveals that space exploration milestones. Researchers from several universities collaborated on the findings, which have been met with mixed reactions from the scientific community. The lead researcher said the results were unexpected but compelling."
user-human,so gene editing ethics happened and my timeline is UNHINGED. some of you need to calm down and some of you need to be WAY more concerned tbh
user-human,Local authorities are responding to reports that digital divide in rural areas. Emergency services were alerted at approximately 9 AM. The incident is under investigation. Residents in nearby areas have been asked to remain indoors as a precaution.
user-human,idk why education reform debates keeps coming up but every time it does the discourse gets worse. we need better conversations about this fr
user-human,"Breaking- artificial intelligence regulation. Sources close to the matter told reporters the situation developed rapidly over the past 48 hours. No official statement has been released, though a press conference is expected later today."
user-gemini,The theoretical underpinnings of education reform debates have evolved considerably over the past two decades. What began as a niche area of inquiry has grown into a robust field with competing schools of thought. This review synthesizes key debates and identifies gaps that warrant further empirical investigation.
user-human,The conversation around algorithmic bias in hiring has intensified following the release of a comprehensive new report. The document highlights both progress made and persistent gaps that require urgent attention. International cooperation is being cited as essential to any meaningful solution.
user-gpt,"The relationship between antibiotic resistance and broader societal outcomes remains poorly understood despite growing interest in the field. This study contributes to the literature by analyzing a dataset of 1,200 cases across five geographic regions. Results indicate statistically significant correlations, though causality cannot be established from observational data alone."
user-human,"This study investigates the multifaceted dimensions of economic inequality trends, employing a mixed-methods approach to capture both quantitative patterns and qualitative nuances. The findings contribute to an evolving body of literature that challenges reductive theoretical models. Further longitudinal research is recommended to assess causal mechanisms."
user-human,hot take- space exploration milestones is actually not that surprising if you have been paying attention. we have been saying this for years and nobody listened lol
user-human,idk why cryptocurrency market volatility keeps coming up but every time it does the discourse gets worse. we need better conversations about this fr
user-human,"Breaking- antibiotic resistance. Sources close to the matter told reporters the situation developed rapidly over the past 48 hours. No official statement has been released, though a press conference is expected later today."
user-human,idk why cryptocurrency market volatility keeps coming up but every time it does the discourse gets worse. we need better conversations about this fr
user-gemini,so antibiotic resistance happened and my timeline is UNHINGED. some of you need to calm down and some of you need to be WAY more concerned tbh
user-human,"Spent the morning reading about education reform debates and came away genuinely hopeful. Yes, the challenges are real, but so are the opportunities. Let is focus on solutions."
user-gpt,The theoretical underpinnings of education reform debates have evolved considerably over the past two decades. What began as a niche area of inquiry has grown into a robust field with competing schools of thought. This review synthesizes key debates and identifies gaps that warrant further empirical investigation.
user-gemini,"The concept of gene editing ethics occupies a contested space within contemporary scholarly discourse. Divergent theoretical frameworks have produced inconsistent empirical findings, underscoring the need for methodological standardization. This paper proposes an integrative framework to reconcile competing interpretations."
user-gpt,"This analysis examines gig economy labor rights within the broader context of systemic transformation, drawing on interdisciplinary frameworks from sociology, economics, and political science. The data suggest that intervention at multiple levels is necessary for sustainable change. Policy recommendations are offered in alignment with current evidence-based standards."
user-human,"New developments surrounding mental health awareness campaigns have drawn significant attention from analysts and policymakers alike. Experts suggest the implications could be far-reaching, though the full impact remains to be seen. Multiple stakeholders are now calling for a coordinated response."
user-human,"This paper examines genomic research breakthroughs through a critical lens, drawing on empirical evidence gathered over a two-year period. The findings suggest that existing frameworks are insufficient to explain observed phenomena. We propose a revised model that accounts for contextual variability and systemic factors previously overlooked in the literature."
user-human,"Officials confirmed on Wednesday that vaccine distribution challenges. The announcement came after weeks of speculation. Critics argue the move is premature, while supporters say it was long overdue. Public response has been divided along predictable lines."
user-gemini,Recent scholarship on aging population challenges has largely focused on surface-level manifestations while neglecting underlying structural determinants. This article challenges dominant assumptions and calls for a more nuanced approach that integrates interdisciplinary perspectives. Implications for policy and practice are discussed in the concluding section.
user-human,"According to recently released data, urban housing shortages is emerging as one of the defining challenges of the decade. Experts from leading institutions have outlined a series of recommendations aimed at addressing the root causes. Stakeholders across sectors are now engaged in dialogue to determine next steps."
user-human,update on public transit investment- it is complicated and anyone telling you otherwise is selling something. do your own research please
user-gemini,"Breaking- data privacy legislation. Sources close to the matter told reporters the situation developed rapidly over the past 48 hours. No official statement has been released, though a press conference is expected later today."
user-gemini,"Spent the morning reading about aging population challenges and came away genuinely hopeful. Yes, the challenges are real, but so are the opportunities. Let is focus on solutions."
user-human,"According to recently released data, student debt crisis is emerging as one of the defining challenges of the decade. Experts from leading institutions have outlined a series of recommendations aimed at addressing the root causes. Stakeholders across sectors are now engaged in dialogue to determine next steps."
user-human,The theoretical underpinnings of cryptocurrency market volatility have evolved considerably over the past two decades. What began as a niche area of inquiry has grown into a robust field with competing schools of thought. This review synthesizes key debates and identifies gaps that warrant further empirical investigation.
user-human,so election integrity concerns happened and my timeline is UNHINGED. some of you need to calm down and some of you need to be WAY more concerned tbh
user-gemini,just saw someone arguing that antibiotic resistance is fine and i am genuinely baffled. do people not understand how this works?? ð­
user-human,The conversation around mental health awareness campaigns has intensified following the release of a comprehensive new report. The document highlights both progress made and persistent gaps that require urgent attention. International cooperation is being cited as essential to any meaningful solution.
user-gemini,The theoretical underpinnings of algorithmic bias in hiring have evolved considerably over the past two decades. What began as a niche area of inquiry has grown into a robust field with competing schools of thought. This review synthesizes key debates and identifies gaps that warrant further empirical investigation.
user-human,The conversation around supply chain disruptions has intensified following the release of a comprehensive new report. The document highlights both progress made and persistent gaps that require urgent attention. International cooperation is being cited as essential to any meaningful solution.
user-human,update on remote work productivity- it is complicated and anyone telling you otherwise is selling something. do your own research please
user-human,Local authorities are responding to reports that antibiotic resistance. Emergency services were alerted at approximately 9 AM. The incident is under investigation. Residents in nearby areas have been asked to remain indoors as a precaution.
user-gpt,Recent scholarship on gig economy labor rights has largely focused on surface-level manifestations while neglecting underlying structural determinants. This article challenges dominant assumptions and calls for a more nuanced approach that integrates interdisciplinary perspectives. Implications for policy and practice are discussed in the concluding section.
user-human,"Existing literature on aging population challenges has predominantly relied on cross-sectional designs, limiting causal inference. The present research addresses this gap through a prospective cohort study spanning three years. Preliminary results indicate a statistically significant association (p less than 0.05) between key variables."
user-human,so biodiversity loss happened and my timeline is UNHINGED. some of you need to calm down and some of you need to be WAY more concerned tbh
user-human,"Officials confirmed on Monday that digital divide in rural areas. The announcement came after weeks of speculation. Critics argue the move is premature, while supporters say it was long overdue. Public response has been divided along predictable lines."
user-human,"A new study published today reveals that aging population challenges. Researchers from several universities collaborated on the findings, which have been met with mixed reactions from the scientific community. The lead researcher said the results were unexpected but compelling."
user-human,An investigation into artificial intelligence regulation has uncovered new details that challenge the official narrative. Documents obtained through a freedom of information request suggest the issue is more complex than initially reported. Several key witnesses have declined to comment.
user-human,hot take- artificial intelligence regulation is actually not that surprising if you have been paying attention. we have been saying this for years and nobody listened lol
user-gpt,"A new study published today reveals that space exploration milestones. Researchers from several universities collaborated on the findings, which have been met with mixed reactions from the scientific community. The lead researcher said the results were unexpected but compelling."
user-gpt,"New developments surrounding climate change adaptation strategies have drawn significant attention from analysts and policymakers alike. Experts suggest the implications could be far-reaching, though the full impact remains to be seen. Multiple stakeholders are now calling for a coordinated response."
user-gpt,"I have been thinking a lot about gene editing ethics lately, and I think we need to have a more nuanced conversation about it. The polarization is not helping anyone. Happy to discuss if you are open to it."
user-human,"New developments surrounding renewable energy adoption have drawn significant attention from analysts and policymakers alike. Experts suggest the implications could be far-reaching, though the full impact remains to be seen. Multiple stakeholders are now calling for a coordinated response."
user-gemini,"The relationship between renewable energy adoption and broader societal outcomes remains poorly understood despite growing interest in the field. This study contributes to the literature by analyzing a dataset of 1,200 cases across five geographic regions. Results indicate statistically significant correlations, though causality cannot be established from observational data alone."
user-gemini,"According to recently released data, artificial intelligence regulation is emerging as one of the defining challenges of the decade. Experts from leading institutions have outlined a series of recommendations aimed at addressing the root causes. Stakeholders across sectors are now engaged in dialogue to determine next steps."
user-human,Really fascinating to see how quickly things are moving on public transit investment. There is so much potential here if we approach it thoughtfully. What are your thoughts?
user-human,Local authorities are responding to reports that climate change adaptation strategies. Emergency services were alerted at approximately 9 AM. The incident is under investigation. Residents in nearby areas have been asked to remain indoors as a precaution.
user-human,Recent scholarship on digital divide in rural areas has largely focused on surface-level manifestations while neglecting underlying structural determinants. This article challenges dominant assumptions and calls for a more nuanced approach that integrates interdisciplinary perspectives. Implications for policy and practice are discussed in the concluding section.
user-gpt,An investigation into data privacy legislation has uncovered new details that challenge the official narrative. Documents obtained through a freedom of information request suggest the issue is more complex than initially reported. Several key witnesses have declined to comment.
user-gemini,"I have been thinking a lot about climate change adaptation strategies lately, and I think we need to have a more nuanced conversation about it. The polarization is not helping anyone. Happy to discuss if you are open to it."
user-human,"This analysis examines vaccine distribution challenges within the broader context of systemic transformation, drawing on interdisciplinary frameworks from sociology, economics, and political science. The data suggest that intervention at multiple levels is necessary for sustainable change. Policy recommendations are offered in alignment with current evidence-based standards."
user-gemini,okay so i just read about student debt crisis and honestly?? i have so many thoughts. like WHY is this not getting more attention rn. thread ð§µð
user-gemini,"A growing body of research underscores the salience of antibiotic resistance as both an academic and practical concern. This paper synthesizes findings from 47 peer-reviewed studies published between 2018 and 2024, identifying converging themes and methodological limitations. The results have implications for theory development and applied practice."
user-human,The conversation around antibiotic resistance has intensified following the release of a comprehensive new report. The document highlights both progress made and persistent gaps that require urgent attention. International cooperation is being cited as essential to any meaningful solution.
user-human,"The relationship between vaccine distribution challenges and broader societal outcomes remains poorly understood despite growing interest in the field. This study contributes to the literature by analyzing a dataset of 1,200 cases across five geographic regions. Results indicate statistically significant correlations, though causality cannot be established from observational data alone."
user-human,"The relationship between antibiotic resistance and broader societal outcomes remains poorly understood despite growing interest in the field. This study contributes to the literature by analyzing a dataset of 1,200 cases across five geographic regions. Results indicate statistically significant correlations, though causality cannot be established from observational data alone."
user-human,okay so i just read about cryptocurrency market volatility and honestly?? i have so many thoughts. like WHY is this not getting more attention rn. thread ð§µð
user-human,The theoretical underpinnings of supply chain disruptions have evolved considerably over the past two decades. What began as a niche area of inquiry has grown into a robust field with competing schools of thought. This review synthesizes key debates and identifies gaps that warrant further empirical investigation.
user-human,just saw someone arguing that economic inequality trends is fine and i am genuinely baffled. do people not understand how this works?? ð­
user-human,Recent scholarship on antibiotic resistance has largely focused on surface-level manifestations while neglecting underlying structural determinants. This article challenges dominant assumptions and calls for a more nuanced approach that integrates interdisciplinary perspectives. Implications for policy and practice are discussed in the concluding section.
user-human,The theoretical underpinnings of antibiotic resistance have evolved considerably over the past two decades. What began as a niche area of inquiry has grown into a robust field with competing schools of thought. This review synthesizes key debates and identifies gaps that warrant further empirical investigation.
user-gemini,okay so i just read about biodiversity loss and honestly?? i have so many thoughts. like WHY is this not getting more attention rn. thread ð§µð
user-gemini,"Been following the conversation about climate change adaptation strategies for a while now â it is encouraging to see more people engaging with it seriously. We still have a long way to go, but progress is happening."
user-gpt,"A growing body of research underscores the salience of autonomous vehicle safety as both an academic and practical concern. This paper synthesizes findings from 47 peer-reviewed studies published between 2018 and 2024, identifying converging themes and methodological limitations. The results have implications for theory development and applied practice."
user-human,"The concept of space exploration milestones occupies a contested space within contemporary scholarly discourse. Divergent theoretical frameworks have produced inconsistent empirical findings, underscoring the need for methodological standardization. This paper proposes an integrative framework to reconcile competing interpretations."
user-human,just saw someone arguing that antibiotic resistance is fine and i am genuinely baffled. do people not understand how this works?? ð­
user-human,"Officials confirmed on Thursday that nuclear energy policy. The announcement came after weeks of speculation. Critics argue the move is premature, while supporters say it was long overdue. Public response has been divided along predictable lines."
user-human,update on remote work productivity- it is complicated and anyone telling you otherwise is selling something. do your own research please
user-gemini,so biodiversity loss happened and my timeline is UNHINGED. some of you need to calm down and some of you need to be WAY more concerned tbh
user-human,The conversation around antibiotic resistance has intensified following the release of a comprehensive new report. The document highlights both progress made and persistent gaps that require urgent attention. International cooperation is being cited as essential to any meaningful solution.
user-gpt,update on economic inequality trends- it is complicated and anyone telling you otherwise is selling something. do your own research please
user-human,Just came across an article on social media misinformation and it is really making me reconsider some of my assumptions. Highly recommend giving it a read if you have not already.
user-gemini,An investigation into urban housing shortages has uncovered new details that challenge the official narrative. Documents obtained through a freedom of information request suggest the issue is more complex than initially reported. Several key witnesses have declined to comment.
user-human,"Been following the conversation about food security in developing nations for a while now â it is encouraging to see more people engaging with it seriously. We still have a long way to go, but progress is happening."
user-gpt,"This paper examines election integrity concerns through a critical lens, drawing on empirical evidence gathered over a two-year period. The findings suggest that existing frameworks are insufficient to explain observed phenomena. We propose a revised model that accounts for contextual variability and systemic factors previously overlooked in the literature."
user-gpt,"I have been thinking a lot about biodiversity loss lately, and I think we need to have a more nuanced conversation about it. The polarization is not helping anyone. Happy to discuss if you are open to it."
user-human,"A significant shift in antibiotic resistance was reported this week, prompting reactions across political and scientific communities. The latest data, reviewed by independent experts, points to trends that challenge conventional assumptions. Officials have yet to release a formal response."
user-human,Recent scholarship on gig economy labor rights has largely focused on surface-level manifestations while neglecting underlying structural determinants. This article challenges dominant assumptions and calls for a more nuanced approach that integrates interdisciplinary perspectives. Implications for policy and practice are discussed in the concluding section.
user-human,The theoretical underpinnings of autonomous vehicle safety have evolved considerably over the past two decades. What began as a niche area of inquiry has grown into a robust field with competing schools of thought. This review synthesizes key debates and identifies gaps that warrant further empirical investigation.
user-human,"Officials confirmed on Wednesday that artificial intelligence regulation. The announcement came after weeks of speculation. Critics argue the move is premature, while supporters say it was long overdue. Public response has been divided along predictable lines."
user-human,The theoretical underpinnings of antibiotic resistance have evolved considerably over the past two decades. What began as a niche area of inquiry has grown into a robust field with competing schools of thought. This review synthesizes key debates and identifies gaps that warrant further empirical investigation.
user-gpt,so student debt crisis happened and my timeline is UNHINGED. some of you need to calm down and some of you need to be WAY more concerned tbh
user-human,Just came across an article on water scarcity and it is really making me reconsider some of my assumptions. Highly recommend giving it a read if you have not already.
user-gpt,"officials confirmed on Tuesday that cryptocurrency market volatility. The announcement came after weeks of speculation. Critics argue the move is premature, while supporters say it was long overdue. Public response has been divided along predictable lines."
user-human,"Existing literature on public transit investment has predominantly relied on cross-sectional designs, limiting causal inference. The present research addresses this gap through a prospective cohort study spanning three years. Preliminary results indicate a statistically significant association (p less than 0.05) between key variables."
user-human,"Breaking- supply chain disruptions. Sources close to the matter told reporters the situation developed rapidly over the past 48 hours. No official statement has been released, though a press conference is expected later today."
user-gemini,"The relationship between nuclear energy policy and broader societal outcomes remains poorly understood despite growing interest in the field. This study contributes to the literature by analyzing a dataset of 1,200 cases across five geographic regions. Results indicate statistically significant correlations, though causality cannot be established from observational data alone."
user-human,The conversation around biodiversity loss has intensified following the release of a comprehensive new report. The document highlights both progress made and persistent gaps that require urgent attention. International cooperation is being cited as essential to any meaningful solution.
user-human,"Breaking- education reform debates. Sources close to the matter told reporters the situation developed rapidly over the past 48 hours. No official statement has been released, though a press conference is expected later today."
user-human,"A new study published today reveals that data privacy legislation. Researchers from several universities collaborated on the findings, which have been met with mixed reactions from the scientific community. The lead researcher said the results were unexpected but compelling."
user-human,"A new study published today reveals that algorithmic bias in hiring. Researchers from several universities collaborated on the findings, which have been met with mixed reactions from the scientific community. The lead researcher said the results were unexpected but compelling."
user-human,can we talk about education reform debates for a sec because i feel like people are completely missing the point here. this is bigger than most realize
user-human,Local authorities are responding to reports that election integrity concerns. Emergency services were alerted at approximately 9 AM. The incident is under investigation. Residents in nearby areas have been asked to remain indoors as a precaution.
user-gpt,idk why remote work productivity keeps coming up but every time it does the discourse gets worse. we need better conversations about this fr
user-human,"New developments surrounding education reform debates have drawn significant attention from analysts and policymakers alike. Experts suggest the implications could be far-reaching, though the full impact remains to be seen. Multiple stakeholders are now calling for a coordinated response."
user-gemini,"Breaking- student debt crisis. Sources close to the matter told reporters the situation developed rapidly over the past 48 hours. No official statement has been released, though a press conference is expected later today."
user-gemini,"Analysts are closely watching developments related to social media misinformation, noting that recent events mark a potential turning point. The situation underscores long-standing structural issues that have resisted easy solutions. Observers remain cautiously optimistic about prospects for reform."
user-human,"Spent the morning reading about climate change adaptation strategies and came away genuinely hopeful. Yes, the challenges are real, but so are the opportunities. Let is focus on solutions."
user-human,"The relationship between algorithmic bias in hiring and broader societal outcomes remains poorly understood despite growing interest in the field. This study contributes to the literature by analyzing a dataset of 1,200 cases across five geographic regions. Results indicate statistically significant correlations, though causality cannot be established from observational data alone."
user-human,Recent scholarship on artificial intelligence regulation has largely focused on surface-level manifestations while neglecting underlying structural determinants. This article challenges dominant assumptions and calls for a more nuanced approach that integrates interdisciplinary perspectives. Implications for policy and practice are discussed in the concluding section.
user-human,Local authorities are responding to reports that election integrity concerns. Emergency services were alerted at approximately 9 AM. The incident is under investigation. Residents in nearby areas have been asked to remain indoors as a precaution.
user-human,The theoretical underpinnings of antibiotic resistance have evolved considerably over the past two decades. What began as a niche area of inquiry has grown into a robust field with competing schools of thought. This review synthesizes key debates and identifies gaps that warrant further empirical investigation.
user-human,Recent scholarship on genomic research breakthroughs has largely focused on surface-level manifestations while neglecting underlying structural determinants. This article challenges dominant assumptions and calls for a more nuanced approach that integrates interdisciplinary perspectives. Implications for policy and practice are discussed in the concluding section.
user-human,Local authorities are responding to reports that nuclear energy policy. Emergency services were alerted at approximately 9 AM. The incident is under investigation. Residents in nearby areas have been asked to remain indoors as a precaution.
user-human,"Officials confirmed on Friday that space exploration milestones. The announcement came after weeks of speculation. Critics argue the move is premature, while supporters say it was long overdue. Public response has been divided along predictable lines."
user-human,Recent scholarship on gig economy labor rights has largely focused on surface-level manifestations while neglecting underlying structural determinants. This article challenges dominant assumptions and calls for a more nuanced approach that integrates interdisciplinary perspectives. Implications for policy and practice are discussed in the concluding section.
user-human,"The relationship between aging population challenges and broader societal outcomes remains poorly understood despite growing interest in the field. This study contributes to the literature by analyzing a dataset of 1,200 cases across five geographic regions. Results indicate statistically significant correlations, though causality cannot be established from observational data alone."
user-human,idk why education reform debates keeps coming up but every time it does the discourse gets worse. we need better conversations about this fr
user-gemini,"A new study published today reveals that gig economy labor rights. Researchers from several universities collaborated on the findings, which have been met with mixed reactions from the scientific community. The lead researcher said the results were unexpected but compelling."
user-human,"Spent the morning reading about climate change adaptation strategies and came away genuinely hopeful. Yes, the challenges are real, but so are the opportunities. Let is focus on solutions."
user-gpt,so artificial intelligence regulation happened and my timeline is UNHINGED. some of you need to calm down and some of you need to be WAY more concerned tbh
user-human,"I have been thinking a lot about cybersecurity threats to infrastructure lately, and I think we need to have a more nuanced conversation about it. The polarization is not helping anyone. Happy to discuss if you are open to it."
user-human,okay so i just read about supply chain disruptions and honestly?? i have so many thoughts. like WHY is this not getting more attention rn. thread ð§µð
user-human,Local authorities are responding to reports that cybersecurity threats to infrastructure. Emergency services were alerted at approximately 9 AM. The incident is under investigation. Residents in nearby areas have been asked to remain indoors as a precaution.
user-human,"The relationship between gig economy labor rights and broader societal outcomes remains poorly understood despite growing interest in the field. This study contributes to the literature by analyzing a dataset of 1,200 cases across five geographic regions. Results indicate statistically significant correlations, though causality cannot be established from observational data alone."
user-human,idk why urban housing shortages keeps coming up but every time it does the discourse gets worse. we need better conversations about this fr
user-human,"Officials confirmed on Friday that social media misinformation. The announcement came after weeks of speculation. Critics argue the move is premature, while supporters say it was long overdue. Public response has been divided along predictable lines."
user-human,the theoretical underpinnings of data privacy legislation have evolved considerably over the past two decades. What began as a niche area of inquiry has grown into a robust field with competing schools of thought. This review synthesizes key debates and identifies gaps that warrant further empirical investigation.
user-human,"This paper examines economic inequality trends through a critical lens, drawing on empirical evidence gathered over a two-year period. The findings suggest that existing frameworks are insufficient to explain observed phenomena. We propose a revised model that accounts for contextual variability and systemic factors previously overlooked in the literature."
user-gpt,idk why artificial intelligence regulation keeps coming up but every time it does the discourse gets worse. we need better conversations about this fr
user-human,"A significant shift in food security in developing nations was reported this week, prompting reactions across political and scientific communities. The latest data, reviewed by independent experts, points to trends that challenge conventional assumptions. Officials have yet to release a formal response."
user-human,update on artificial intelligence regulation- it is complicated and anyone telling you otherwise is selling something. do your own research please
user-human,"A new study published today reveals that supply chain disruptions. Researchers from several universities collaborated on the findings, which have been met with mixed reactions from the scientific community. The lead researcher said the results were unexpected but compelling."
user-human,An investigation into aging population challenges has uncovered new details that challenge the official narrative. Documents obtained through a freedom of information request suggest the issue is more complex than initially reported. Several key witnesses have declined to comment.
user-gpt,An investigation into algorithmic bias in hiring has uncovered new details that challenge the official narrative. Documents obtained through a freedom of information request suggest the issue is more complex than initially reported. Several key witnesses have declined to comment.
user-human,"The concept of urban housing shortages occupies a contested space within contemporary scholarly discourse. Divergent theoretical frameworks have produced inconsistent empirical findings, underscoring the need for methodological standardization. This paper proposes an integrative framework to reconcile competing interpretations."
user-human,"This paper examines mental health awareness campaigns through a critical lens, drawing on empirical evidence gathered over a two-year period. The findings suggest that existing frameworks are insufficient to explain observed phenomena. We propose a revised model that accounts for contextual variability and systemic factors previously overlooked in the literature."
user-human,An investigation into gene editing ethics has uncovered new details that challenge the official narrative. Documents obtained through a freedom of information request suggest the issue is more complex than initially reported. Several key witnesses have declined to comment.
user-human,idk why genomic research breakthroughs keeps coming up but every time it does the discourse gets worse. we need better conversations about this fr
user-gpt,"The relationship between public transit investment and broader societal outcomes remains poorly understood despite growing interest in the field. This study contributes to the literature by analyzing a dataset of 1,200 cases across five geographic regions. Results indicate statistically significant correlations, though causality cannot be established from observational data alone."
user-human,Concerns over renewable energy adoption continue to mount as new evidence emerges. A coalition of researchers has issued an open letter urging immediate action. The debate reflects deeper tensions about resource allocation and long-term planning.
user-human,"Breaking- election integrity concerns. Sources close to the matter told reporters the situation developed rapidly over the past 48 hours. No official statement has been released, though a press conference is expected later today."
user-human,can we talk about data privacy legislation for a sec because i feel like people are completely missing the point here. this is bigger than most realize
user-human,update on biodiversity loss- it is complicated and anyone telling you otherwise is selling something. do your own research please
user-human,Recent scholarship on mental health awareness campaigns has largely focused on surface-level manifestations while neglecting underlying structural determinants. This article challenges dominant assumptions and calls for a more nuanced approach that integrates interdisciplinary perspectives. Implications for policy and practice are discussed in the concluding section.
user-human,"This paper examines genomic research breakthroughs through a critical lens, drawing on empirical evidence gathered over a two-year period. The findings suggest that existing frameworks are insufficient to explain observed phenomena. We propose a revised model that accounts for contextual variability and systemic factors previously overlooked in the literature."
user-human,can we talk about renewable energy adoption for a sec because i feel like people are completely missing the point here. this is bigger than most realize
user-human,okay so i just read about digital divide in rural areas and honestly?? i have so many thoughts. like WHY is this not getting more attention rn. thread ð§µð
user-gpt,"A new study published today reveals that climate change adaptation strategies. Researchers from several universities collaborated on the findings, which have been met with mixed reactions from the scientific community. The lead researcher said the results were unexpected but compelling."
user-human,"I have been thinking a lot about antibiotic resistance lately, and I think we need to have a more nuanced conversation about it. The polarization is not helping anyone. Happy to discuss if you are open to it."
user-human,so water scarcity happened and my timeline is UNHINGED. some of you need to calm down and some of you need to be WAY more concerned tbh
user-human,"This paper examines antibiotic resistance through a critical lens, drawing on empirical evidence gathered over a two-year period. The findings suggest that existing frameworks are insufficient to explain observed phenomena. We propose a revised model that accounts for contextual variability and systemic factors previously overlooked in the literature."
user-gpt,Local authorities are responding to reports that student debt crisis. Emergency services were alerted at approximately 9 AM. The incident is under investigation. Residents in nearby areas have been asked to remain indoors as a precaution.
user-gpt,"This study investigates the multifaceted dimensions of digital divide in rural areas, employing a mixed-methods approach to capture both quantitative patterns and qualitative nuances. The findings contribute to an evolving body of literature that challenges reductive theoretical models. Further longitudinal research is recommended to assess causal mechanisms."
user-human,"This study investigates the multifaceted dimensions of public transit investment, employing a mixed-methods approach to capture both quantitative patterns and qualitative nuances. The findings contribute to an evolving body of literature that challenges reductive theoretical models. Further longitudinal research is recommended to assess causal mechanisms."
user-human,update on education reform debates- it is complicated and anyone telling you otherwise is selling something. do your own research please
user-human,"A new study published today reveals that antibiotic resistance. Researchers from several universities collaborated on the findings, which have been met with mixed reactions from the scientific community. The lead researcher said the results were unexpected but compelling."
user-human,"Officials confirmed on Friday that renewable energy adoption. The announcement came after weeks of speculation. Critics argue the move is premature, while supporters say it was long overdue. Public response has been divided along predictable lines."
user-gemini,Local authorities are responding to reports that climate change adaptation strategies. Emergency services were alerted at approximately 9 AM. The incident is under investigation. Residents in nearby areas have been asked to remain indoors as a precaution.
user-human,"According to recently released data, artificial intelligence regulation is emerging as one of the defining challenges of the decade. Experts from leading institutions have outlined a series of recommendations aimed at addressing the root causes. Stakeholders across sectors are now engaged in dialogue to determine next steps."
user-human,okay so i just read about genomic research breakthroughs and honestly?? i have so many thoughts. like WHY is this not getting more attention rn. thread ð§µð
user-human,"A new study published today reveals that algorithmic bias in hiring. Researchers from several universities collaborated on the findings, which have been met with mixed reactions from the scientific community. The lead researcher said the results were unexpected but compelling."
user-human,An investigation into climate change adaptation strategies has uncovered new details that challenge the official narrative. Documents obtained through a freedom of information request suggest the issue is more complex than initially reported. Several key witnesses have declined to comment.
user-human,just saw someone arguing that gene editing ethics is fine and i am genuinely baffled. do people not understand how this works?? ð­
user-human,"Officials confirmed on Tuesday that election integrity concerns. The announcement came after weeks of speculation. Critics argue the move is premature, while supporters say it was long overdue. Public response has been divided along predictable lines."
user-gpt,"The relationship between cybersecurity threats to infrastructure and broader societal outcomes remains poorly understood despite growing interest in the field. This study contributes to the literature by analyzing a dataset of 1,200 cases across five geographic regions. Results indicate statistically significant correlations, though causality cannot be established from observational data alone."
user-gemini,The discourse around data privacy legislation has become so exhausting. Can we please acknowledge the complexity here instead of reducing it to talking points?
user-human,"Spent the morning reading about space exploration milestones and came away genuinely hopeful. Yes, the challenges are real, but so are the opportunities. Let is focus on solutions."
user-human,"A new study published today reveals that renewable energy adoption. Researchers from several universities collaborated on the findings, which have been met with mixed reactions from the scientific community. The lead researcher said the results were unexpected but compelling."
user-gemini,Recent scholarship on space exploration milestones has largely focused on surface-level manifestations while neglecting underlying structural determinants. This article challenges dominant assumptions and calls for a more nuanced approach that integrates interdisciplinary perspectives. Implications for policy and practice are discussed in the concluding section.
user-gemini,"According to recently released data, gene editing ethics is emerging as one of the defining challenges of the decade. Experts from leading institutions have outlined a series of recommendations aimed at addressing the root causes. Stakeholders across sectors are now engaged in dialogue to determine next steps."
user-human,"A growing body of research underscores the salience of economic inequality trends as both an academic and practical concern. This paper synthesizes findings from 47 peer-reviewed studies published between 2018 and 2024, identifying converging themes and methodological limitations. The results have implications for theory development and applied practice."
user-human,can we talk about artificial intelligence regulation for a sec because i feel like people are completely missing the point here. this is bigger than most realize
user-gpt,just saw someone arguing that food security in developing nations is fine and i am genuinely baffled. do people not understand how this works?? ð­
user-human,The discourse around nuclear energy policy has become so exhausting. Can we please acknowledge the complexity here instead of reducing it to talking points?
user-human,An investigation into education reform debates has uncovered new details that challenge the official narrative. Documents obtained through a freedom of information request suggest the issue is more complex than initially reported. Several key witnesses have declined to comment.
user-gemini,"The relationship between food security in developing nations and broader societal outcomes remains poorly understood despite growing interest in the field. This study contributes to the literature by analyzing a dataset of 1,200 cases across five geographic regions. Results indicate statistically significant correlations, though causality cannot be established from observational data alone."
user-human,"Been following the conversation about aging population challenges for a while now â it is encouraging to see more people engaging with it seriously. We still have a long way to go, but progress is happening."
user-human,idk why student debt crisis keeps coming up but every time it does the discourse gets worse. we need better conversations about this fr
user-human,okay so i just read about cryptocurrency market volatility and honestly?? i have so many thoughts. like WHY is this not getting more attention rn. thread ð§µð
user-human,"The relationship between economic inequality trends and broader societal outcomes remains poorly understood despite growing interest in the field. This study contributes to the literature by analyzing a dataset of 1,200 cases across five geographic regions. Results indicate statistically significant correlations, though causality cannot be established from observational data alone."
user-gpt,okay so i just read about biodiversity loss and honestly?? i have so many thoughts. like WHY is this not getting more attention rn. thread ð§µð
user-gpt,Just came across an article on space exploration milestones and it is really making me reconsider some of my assumptions. Highly recommend giving it a read if you have not already.
user-human,"New developments surrounding economic inequality trends have drawn significant attention from analysts and policymakers alike. Experts suggest the implications could be far-reaching, though the full impact remains to be seen. Multiple stakeholders are now calling for a coordinated response."
user-gpt,An investigation into artificial intelligence regulation has uncovered new details that challenge the official narrative. Documents obtained through a freedom of information request suggest the issue is more complex than initially reported. Several key witnesses have declined to comment.
user-gpt,"I have been thinking a lot about space exploration milestones lately, and I think we need to have a more nuanced conversation about it. The polarization is not helping anyone. Happy to discuss if you are open to it."
user-gpt,"This study investigates the multifaceted dimensions of autonomous vehicle safety, employing a mixed-methods approach to capture both quantitative patterns and qualitative nuances. The findings contribute to an evolving body of literature that challenges reductive theoretical models. Further longitudinal research is recommended to assess causal mechanisms."
user-human,"The concept of artificial intelligence regulation occupies a contested space within contemporary scholarly discourse. Divergent theoretical frameworks have produced inconsistent empirical findings, underscoring the need for methodological standardization. This paper proposes an integrative framework to reconcile competing interpretations."
user-human,An investigation into economic inequality trends has uncovered new details that challenge the official narrative. Documents obtained through a freedom of information request suggest the issue is more complex than initially reported. Several key witnesses have declined to comment.
user-human,Local authorities are responding to reports that social media misinformation. Emergency services were alerted at approximately 9 AM. The incident is under investigation. Residents in nearby areas have been asked to remain indoors as a precaution.
user-human,Local authorities are responding to reports that public transit investment. Emergency services were alerted at approximately 9 AM. The incident is under investigation. Residents in nearby areas have been asked to remain indoors as a precaution.
user-human,can we talk about climate change adaptation strategies for a sec because i feel like people are completely missing the point here. this is bigger than most realize
user-gemini,The theoretical underpinnings of biodiversity loss have evolved considerably over the past two decades. What began as a niche area of inquiry has grown into a robust field with competing schools of thought. This review synthesizes key debates and identifies gaps that warrant further empirical investigation.
user-human,"Spent the morning reading about water scarcity and came away genuinely hopeful. Yes, the challenges are real, but so are the opportunities. Let is focus on solutions."
user-gemini,An investigation into renewable energy adoption has uncovered new details that challenge the official narrative. Documents obtained through a freedom of information request suggest the issue is more complex than initially reported. Several key witnesses have declined to comment.
user-gemini,"A growing body of research underscores the salience of aging population challenges as both an academic and practical concern. This paper synthesizes findings from 47 peer-reviewed studies published between 2018 and 2024, identifying converging themes and methodological limitations. The results have implications for theory development and applied practice."
user-human,"This analysis examines gig economy labor rights within the broader context of systemic transformation, drawing on interdisciplinary frameworks from sociology, economics, and political science. The data suggest that intervention at multiple levels is necessary for sustainable change. Policy recommendations are offered in alignment with current evidence-based standards."
user-human,"Officials confirmed on Thursday that gig economy labor rights. The announcement came after weeks of speculation. Critics argue the move is premature, while supporters say it was long overdue. Public response has been divided along predictable lines."
user-gemini,"The relationship between education reform debates and broader societal outcomes remains poorly understood despite growing interest in the field. This study contributes to the literature by analyzing a dataset of 1,200 cases across five geographic regions. Results indicate statistically significant correlations, though causality cannot be established from observational data alone."
user-gpt,"The governance of social media misinformation presents unique challenges that existing regulatory frameworks are ill-equipped to address. Drawing on comparative case analysis across six jurisdictions, this study identifies best practices and areas of persistent failure. Recommendations are grounded in empirical evidence and stakeholder consultation."
user-human,The discourse around algorithmic bias in hiring has become so exhausting. Can we please acknowledge the complexity here instead of reducing it to talking points?
user-gemini,can we talk about climate change adaptation strategies for a sec because i feel like people are completely missing the point here. this is bigger than most realize
user-human,"This analysis examines aging population challenges within the broader context of systemic transformation, drawing on interdisciplinary frameworks from sociology, economics, and political science. The data suggest that intervention at multiple levels is necessary for sustainable change. Policy recommendations are offered in alignment with current evidence-based standards."
user-gpt,Local authorities are responding to reports that public transit investment. Emergency services were alerted at approximately 9 AM. The incident is under investigation. Residents in nearby areas have been asked to remain indoors as a precaution.
user-gpt,Concerns over election integrity concerns continue to mount as new evidence emerges. A coalition of researchers has issued an open letter urging immediate action. The debate reflects deeper tensions about resource allocation and long-term planning.
user-gpt,"A significant shift in genomic research breakthroughs was reported this week, prompting reactions across political and scientific communities. The latest data, reviewed by independent experts, points to trends that challenge conventional assumptions. Officials have yet to release a formal response."
user-gemini,"The concept of biodiversity loss occupies a contested space within contemporary scholarly discourse. Divergent theoretical frameworks have produced inconsistent empirical findings, underscoring the need for methodological standardization. This paper proposes an integrative framework to reconcile competing interpretations."
user-human,"According to recently released data, climate change adaptation strategies is emerging as one of the defining challenges of the decade. Experts from leading institutions have outlined a series of recommendations aimed at addressing the root causes. Stakeholders across sectors are now engaged in dialogue to determine next steps."
user-human,"This paper examines antibiotic resistance through a critical lens, drawing on empirical evidence gathered over a two-year period. The findings suggest that existing frameworks are insufficient to explain observed phenomena. We propose a revised model that accounts for contextual variability and systemic factors previously overlooked in the literature."
user-human,just saw someone arguing that public transit investment is fine and i am genuinely baffled. do people not understand how this works?? ð­
user-human,okay so i just read about gene editing ethics and honestly?? i have so many thoughts. like WHY is this not getting more attention rn. thread ð§µð
user-human,"Officials confirmed on Wednesday that space exploration milestones. The announcement came after weeks of speculation. Critics argue the move is premature, while supporters say it was long overdue. Public response has been divided along predictable lines."
user-gemini,"Officials confirmed on Thursday that vaccine distribution challenges. The announcement came after weeks of speculation. Critics argue the move is premature, while supporters say it was long overdue. Public response has been divided along predictable lines."
user-human,The conversation around cryptocurrency market volatility has intensified following the release of a comprehensive new report. The document highlights both progress made and persistent gaps that require urgent attention. International cooperation is being cited as essential to any meaningful solution.
user-human,update on economic inequality trends- it is complicated and anyone telling you otherwise is selling something. do your own research please
user-human,can we talk about gig economy labor rights for a sec because i feel like people are completely missing the point here. this is bigger than most realize
user-human,An investigation into education reform debates has uncovered new details that challenge the official narrative. Documents obtained through a freedom of information request suggest the issue is more complex than initially reported. Several key witnesses have declined to comment.
user-human,hot take- supply chain disruptions is actually not that surprising if you have been paying attention. we have been saying this for years and nobody listened lol
user-human,"Breaking- biodiversity loss. Sources close to the matter told reporters the situation developed rapidly over the past 48 hours. No official statement has been released, though a press conference is expected later today."
user-human,"This paper examines data privacy legislation through a critical lens, drawing on empirical evidence gathered over a two-year period. The findings suggest that existing frameworks are insufficient to explain observed phenomena. We propose a revised model that accounts for contextual variability and systemic factors previously overlooked in the literature."
user-human,okay so i just read about aging population challenges and honestly?? i have so many thoughts. like WHY is this not getting more attention rn. thread ð§µð
user-human,Local authorities are responding to reports that cybersecurity threats to infrastructure. Emergency services were alerted at approximately 9 AM. The incident is under investigation. Residents in nearby areas have been asked to remain indoors as a precaution.
user-gpt,"The relationship between mental health awareness campaigns and broader societal outcomes remains poorly understood despite growing interest in the field. This study contributes to the literature by analyzing a dataset of 1,200 cases across five geographic regions. Results indicate statistically significant correlations, though causality cannot be established from observational data alone."
user-human,"New developments surrounding aging population challenges have drawn significant attention from analysts and policymakers alike. Experts suggest the implications could be far-reaching, though the full impact remains to be seen. Multiple stakeholders are now calling for a coordinated response."
user-human,update on remote work productivity- it is complicated and anyone telling you otherwise is selling something. do your own research please
user-human,"Breaking- supply chain disruptions. Sources close to the matter told reporters the situation developed rapidly over the past 48 hours. No official statement has been released, though a press conference is expected later today."
user-human,The theoretical underpinnings of space exploration milestones have evolved considerably over the past two decades. What began as a niche area of inquiry has grown into a robust field with competing schools of thought. This review synthesizes key debates and identifies gaps that warrant further empirical investigation.
user-human,"A new study published today reveals that data privacy legislation. Researchers from several universities collaborated on the findings, which have been met with mixed reactions from the scientific community. The lead researcher said the results were unexpected but compelling."
user-gpt,update on gig economy labor rights- it is complicated and anyone telling you otherwise is selling something. do your own research please
user-human,Concerns over antibiotic resistance continue to mount as new evidence emerges. A coalition of researchers has issued an open letter urging immediate action. The debate reflects deeper tensions about resource allocation and long-term planning.
user-human,"Officials confirmed on Friday that climate change adaptation strategies. The announcement came after weeks of speculation. Critics argue the move is premature, while supporters say it was long overdue. Public response has been divided along predictable lines."
user-human,An investigation into nuclear energy policy has uncovered new details that challenge the official narrative. Documents obtained through a freedom of information request suggest the issue is more complex than initially reported. Several key witnesses have declined to comment.
user-gpt,update on supply chain disruptions- it is complicated and anyone telling you otherwise is selling something. do your own research please
user-human,The discourse around space exploration milestones has become so exhausting. Can we please acknowledge the complexity here instead of reducing it to talking points?
user-gemini,"This paper examines artificial intelligence regulation through a critical lens, drawing on empirical evidence gathered over a two-year period. The findings suggest that existing frameworks are insufficient to explain observed phenomena. We propose a revised model that accounts for contextual variability and systemic factors previously overlooked in the literature."
user-gemini,"This analysis examines gene editing ethics within the broader context of systemic transformation, drawing on interdisciplinary frameworks from sociology, economics, and political science. The data suggest that intervention at multiple levels is necessary for sustainable change. Policy recommendations are offered in alignment with current evidence-based standards."
user-human,"The governance of digital divide in rural areas presents unique challenges that existing regulatory frameworks are ill-equipped to address. Drawing on comparative case analysis across six jurisdictions, this study identifies best practices and areas of persistent failure. Recommendations are grounded in empirical evidence and stakeholder consultation."
user-human,Local authorities are responding to reports that cryptocurrency market volatility. Emergency services were alerted at approximately 9 AM. The incident is under investigation. Residents in nearby areas have been asked to remain indoors as a precaution.
user-human,idk why cybersecurity threats to infrastructure keeps coming up but every time it does the discourse gets worse. we need better conversations about this fr
user-human,Local authorities are responding to reports that public transit investment. Emergency services were alerted at approximately 9 AM. The incident is under investigation. Residents in nearby areas have been asked to remain indoors as a precaution.
user-gemini,so gig economy labor rights happened and my timeline is UNHINGED. some of you need to calm down and some of you need to be WAY more concerned tbh
user-human,Really fascinating to see how quickly things are moving on education reform debates. There is so much potential here if we approach it thoughtfully. What are your thoughts?
user-human,okay so i just read about gene editing ethics and honestly?? i have so many thoughts. like WHY is this not getting more attention rn. thread ð§µð
user-human,"This paper examines biodiversity loss through a critical lens, drawing on empirical evidence gathered over a two-year period. The findings suggest that existing frameworks are insufficient to explain observed phenomena. We propose a revised model that accounts for contextual variability and systemic factors previously overlooked in the literature."
user-gpt,can we talk about mental health awareness campaigns for a sec because i feel like people are completely missing the point here. this is bigger than most realize
user-gpt,"The concept of supply chain disruptions occupies a contested space within contemporary scholarly discourse. Divergent theoretical frameworks have produced inconsistent empirical findings, underscoring the need for methodological standardization. This paper proposes an integrative framework to reconcile competing interpretations."
user-gpt,Concerns over election integrity concerns continue to mount as new evidence emerges. A coalition of researchers has issued an open letter urging immediate action. The debate reflects deeper tensions about resource allocation and long-term planning.
user-human,"The concept of genomic research breakthroughs occupies a contested space within contemporary scholarly discourse. Divergent theoretical frameworks have produced inconsistent empirical findings, underscoring the need for methodological standardization. This paper proposes an integrative framework to reconcile competing interpretations."
user-gpt,"A new study published today reveals that cybersecurity threats to infrastructure. Researchers from several universities collaborated on the findings, which have been met with mixed reactions from the scientific community. The lead researcher said the results were unexpected but compelling."
user-human,"Existing literature on economic inequality trends has predominantly relied on cross-sectional designs, limiting causal inference. The present research addresses this gap through a prospective cohort study spanning three years. Preliminary results indicate a statistically significant association (p less than 0.05) between key variables."
user-human,"A new study published today reveals that student debt crisis. Researchers from several universities collaborated on the findings, which have been met with mixed reactions from the scientific community. The lead researcher said the results were unexpected but compelling."
user-human,Recent scholarship on election integrity concerns has largely focused on surface-level manifestations while neglecting underlying structural determinants. This article challenges dominant assumptions and calls for a more nuanced approach that integrates interdisciplinary perspectives. Implications for policy and practice are discussed in the concluding section.
user-gpt,"Officials confirmed on Wednesday that vaccine distribution challenges. The announcement came after weeks of speculation. Critics argue the move is premature, while supporters say it was long overdue. Public response has been divided along predictable lines."
user-human,"I have been thinking a lot about supply chain disruptions lately, and I think we need to have a more nuanced conversation about it. The polarization is not helping anyone. Happy to discuss if you are open to it."
user-gpt,can we talk about gene editing ethics for a sec because i feel like people are completely missing the point here. this is bigger than most realize
user-gpt,Just came across an article on artificial intelligence regulation and it is really making me reconsider some of my assumptions. Highly recommend giving it a read if you have not already.
user-human,Just came across an article on aging population challenges and it is really making me reconsider some of my assumptions. Highly recommend giving it a read if you have not already.
user-gemini,Recent scholarship on aging population challenges has largely focused on surface-level manifestations while neglecting underlying structural determinants. This article challenges dominant assumptions and calls for a more nuanced approach that integrates interdisciplinary perspectives. Implications for policy and practice are discussed in the concluding section.
user-human,"Been following the conversation about urban housing shortages for a while now â it is encouraging to see more people engaging with it seriously. We still have a long way to go, but progress is happening."
user-human,"Officials confirmed on Tuesday that genomic research breakthroughs. The announcement came after weeks of speculation. Critics argue the move is premature, while supporters say it was long overdue. Public response has been divided along predictable lines."
user-human,"Breaking- water scarcity. Sources close to the matter told reporters the situation developed rapidly over the past 48 hours. No official statement has been released, though a press conference is expected later today."
user-human,"Breaking- aging population challenges. Sources close to the matter told reporters the situation developed rapidly over the past 48 hours. No official statement has been released, though a press conference is expected later today."
user-human,"Officials confirmed on Friday that space exploration milestones. The announcement came after weeks of speculation. Critics argue the move is premature, while supporters say it was long overdue. Public response has been divided along predictable lines."
user-human,An investigation into education reform debates has uncovered new details that challenge the official narrative. Documents obtained through a freedom of information request suggest the issue is more complex than initially reported. Several key witnesses have declined to comment.
user-human,idk why data privacy legislation keeps coming up but every time it does the discourse gets worse. we need better conversations about this fr
user-human,"breaking- mental health awareness campaigns. Sources close to the matter told reporters the situation developed rapidly over the past 48 hours. No official statement has been released, though a press conference is expected later today."
user-gemini,okay so i just read about data privacy legislation and honestly?? i have so many thoughts. like WHY is this not getting more attention rn. thread ð§µð
user-human,"Been following the conversation about nuclear energy policy for a while now â it is encouraging to see more people engaging with it seriously. We still have a long way to go, but progress is happening."
user-human,"Breaking- space exploration milestones. Sources close to the matter told reporters the situation developed rapidly over the past 48 hours. No official statement has been released, though a press conference is expected later today."
user-human,"Breaking- nuclear energy policy. Sources close to the matter told reporters the situation developed rapidly over the past 48 hours. No official statement has been released, though a press conference is expected later today."
user-human,Recent scholarship on economic inequality trends has largely focused on surface-level manifestations while neglecting underlying structural determinants. This article challenges dominant assumptions and calls for a more nuanced approach that integrates interdisciplinary perspectives. Implications for policy and practice are discussed in the concluding section.
user-human,"This paper examines cybersecurity threats to infrastructure through a critical lens, drawing on empirical evidence gathered over a two-year period. The findings suggest that existing frameworks are insufficient to explain observed phenomena. We propose a revised model that accounts for contextual variability and systemic factors previously overlooked in the literature."
user-human,An investigation into nuclear energy policy has uncovered new details that challenge the official narrative. Documents obtained through a freedom of information request suggest the issue is more complex than initially reported. Several key witnesses have declined to comment.
user-human,"A new study published today reveals that economic inequality trends. Researchers from several universities collaborated on the findings, which have been met with mixed reactions from the scientific community. The lead researcher said the results were unexpected but compelling."
user-gemini,"This paper examines cryptocurrency market volatility through a critical lens, drawing on empirical evidence gathered over a two-year period. The findings suggest that existing frameworks are insufficient to explain observed phenomena. We propose a revised model that accounts for contextual variability and systemic factors previously overlooked in the literature."
user-human,"Been following the conversation about data privacy legislation for a while now â it is encouraging to see more people engaging with it seriously. We still have a long way to go, but progress is happening."
user-human,can we talk about data privacy legislation for a sec because i feel like people are completely missing the point here. this is bigger than most realize
user-human,"A new study published today reveals that algorithmic bias in hiring. Researchers from several universities collaborated on the findings, which have been met with mixed reactions from the scientific community. The lead researcher said the results were unexpected but compelling."
user-human,Recent scholarship on remote work productivity has largely focused on surface-level manifestations while neglecting underlying structural determinants. This article challenges dominant assumptions and calls for a more nuanced approach that integrates interdisciplinary perspectives. Implications for policy and practice are discussed in the concluding section.
user-human,"Breaking- aging population challenges. Sources close to the matter told reporters the situation developed rapidly over the past 48 hours. No official statement has been released, though a press conference is expected later today."
user-human,"officials confirmed on Friday that nuclear energy policy. The announcement came after weeks of speculation. Critics argue the move is premature, while supporters say it was long overdue. Public response has been divided along predictable lines."
user-gemini,okay so i just read about cybersecurity threats to infrastructure and honestly?? i have so many thoughts. like WHY is this not getting more attention rn. thread ð§µð
user-human,"Spent the morning reading about biodiversity loss and came away genuinely hopeful. Yes, the challenges are real, but so are the opportunities. Let is focus on solutions."
user-gpt,"The relationship between student debt crisis and broader societal outcomes remains poorly understood despite growing interest in the field. This study contributes to the literature by analyzing a dataset of 1,200 cases across five geographic regions. Results indicate statistically significant correlations, though causality cannot be established from observational data alone."
user-human,"I have been thinking a lot about digital divide in rural areas lately, and I think we need to have a more nuanced conversation about it. The polarization is not helping anyone. Happy to discuss if you are open to it."
user-human,"Breaking- water scarcity. Sources close to the matter told reporters the situation developed rapidly over the past 48 hours. No official statement has been released, though a press conference is expected later today."
user-human,okay so i just read about education reform debates and honestly?? i have so many thoughts. like WHY is this not getting more attention rn. thread ð§µð
user-gpt,The theoretical underpinnings of space exploration milestones have evolved considerably over the past two decades. What began as a niche area of inquiry has grown into a robust field with competing schools of thought. This review synthesizes key debates and identifies gaps that warrant further empirical investigation.
user-human,"The concept of remote work productivity occupies a contested space within contemporary scholarly discourse. Divergent theoretical frameworks have produced inconsistent empirical findings, underscoring the need for methodological standardization. This paper proposes an integrative framework to reconcile competing interpretations."
user-human,Local authorities are responding to reports that gig economy labor rights. Emergency services were alerted at approximately 9 AM. The incident is under investigation. Residents in nearby areas have been asked to remain indoors as a precaution.
user-human,update on education reform debates- it is complicated and anyone telling you otherwise is selling something. do your own research please
user-human,"Officials confirmed on Friday that space exploration milestones. The announcement came after weeks of speculation. Critics argue the move is premature, while supporters say it was long overdue. Public response has been divided along predictable lines."
user-gpt,The theoretical underpinnings of economic inequality trends have evolved considerably over the past two decades. What began as a niche area of inquiry has grown into a robust field with competing schools of thought. This review synthesizes key debates and identifies gaps that warrant further empirical investigation.
user-human,"The concept of autonomous vehicle safety occupies a contested space within contemporary scholarly discourse. Divergent theoretical frameworks have produced inconsistent empirical findings, underscoring the need for methodological standardization. This paper proposes an integrative framework to reconcile competing interpretations."
user-human,Recent scholarship on gene editing ethics has largely focused on surface-level manifestations while neglecting underlying structural determinants. This article challenges dominant assumptions and calls for a more nuanced approach that integrates interdisciplinary perspectives. Implications for policy and practice are discussed in the concluding section.
user-human,"Officials confirmed on Wednesday that student debt crisis. The announcement came after weeks of speculation. Critics argue the move is premature, while supporters say it was long overdue. Public response has been divided along predictable lines."
user-gemini,"This paper examines cryptocurrency market volatility through a critical lens, drawing on empirical evidence gathered over a two-year period. The findings suggest that existing frameworks are insufficient to explain observed phenomena. We propose a revised model that accounts for contextual variability and systemic factors previously overlooked in the literature."
user-human,"This analysis examines remote work productivity within the broader context of systemic transformation, drawing on interdisciplinary frameworks from sociology, economics, and political science. The data suggest that intervention at multiple levels is necessary for sustainable change. Policy recommendations are offered in alignment with current evidence-based standards."
user-human,The theoretical underpinnings of algorithmic bias in hiring have evolved considerably over the past two decades. What began as a niche area of inquiry has grown into a robust field with competing schools of thought. This review synthesizes key debates and identifies gaps that warrant further empirical investigation.
user-human,The theoretical underpinnings of cryptocurrency market volatility have evolved considerably over the past two decades. What began as a niche area of inquiry has grown into a robust field with competing schools of thought. This review synthesizes key debates and identifies gaps that warrant further empirical investigation.
user-human,update on urban housing shortages- it is complicated and anyone telling you otherwise is selling something. do your own research please
user-gemini,"Breaking- vaccine distribution challenges. Sources close to the matter told reporters the situation developed rapidly over the past 48 hours. No official statement has been released, though a press conference is expected later today."
user-human,Really fascinating to see how quickly things are moving on supply chain disruptions. There is so much potential here if we approach it thoughtfully. What are your thoughts?
user-gpt,"Breaking- urban housing shortages. Sources close to the matter told reporters the situation developed rapidly over the past 48 hours. No official statement has been released, though a press conference is expected later today."
user-human,Just came across an article on renewable energy adoption and it is really making me reconsider some of my assumptions. Highly recommend giving it a read if you have not already.
user-gemini,"a new study published today reveals that space exploration milestones. Researchers from several universities collaborated on the findings, which have been met with mixed reactions from the scientific community. The lead researcher said the results were unexpected but compelling."
user-human,"This analysis examines aging population challenges within the broader context of systemic transformation, drawing on interdisciplinary frameworks from sociology, economics, and political science. The data suggest that intervention at multiple levels is necessary for sustainable change. Policy recommendations are offered in alignment with current evidence-based standards."
user-human,The theoretical underpinnings of digital divide in rural areas have evolved considerably over the past two decades. What began as a niche area of inquiry has grown into a robust field with competing schools of thought. This review synthesizes key debates and identifies gaps that warrant further empirical investigation.
user-gemini,Local authorities are responding to reports that mental health awareness campaigns. Emergency services were alerted at approximately 9 AM. The incident is under investigation. Residents in nearby areas have been asked to remain indoors as a precaution.
user-human,"Been following the conversation about water scarcity for a while now â it is encouraging to see more people engaging with it seriously. We still have a long way to go, but progress is happening."
user-human,The theoretical underpinnings of genomic research breakthroughs have evolved considerably over the past two decades. What began as a niche area of inquiry has grown into a robust field with competing schools of thought. This review synthesizes key debates and identifies gaps that warrant further empirical investigation.
user-human,"A new study published today reveals that artificial intelligence regulation. Researchers from several universities collaborated on the findings, which have been met with mixed reactions from the scientific community. The lead researcher said the results were unexpected but compelling."
user-gemini,"Officials confirmed on Friday that water scarcity. The announcement came after weeks of speculation. Critics argue the move is premature, while supporters say it was long overdue. Public response has been divided along predictable lines."
user-human,"Been following the conversation about gene editing ethics for a while now â it is encouraging to see more people engaging with it seriously. We still have a long way to go, but progress is happening."
user-human,"This paper examines aging population challenges through a critical lens, drawing on empirical evidence gathered over a two-year period. The findings suggest that existing frameworks are insufficient to explain observed phenomena. We propose a revised model that accounts for contextual variability and systemic factors previously overlooked in the literature."
user-human,just saw someone arguing that renewable energy adoption is fine and i am genuinely baffled. do people not understand how this works?? ð­
user-human,The theoretical underpinnings of autonomous vehicle safety have evolved considerably over the past two decades. What began as a niche area of inquiry has grown into a robust field with competing schools of thought. This review synthesizes key debates and identifies gaps that warrant further empirical investigation.
user-gemini,just saw someone arguing that antibiotic resistance is fine and i am genuinely baffled. do people not understand how this works?? ð­
user-human,Really fascinating to see how quickly things are moving on food security in developing nations. There is so much potential here if we approach it thoughtfully. What are your thoughts?
user-gemini,"Officials confirmed on Monday that urban housing shortages. The announcement came after weeks of speculation. Critics argue the move is premature, while supporters say it was long overdue. Public response has been divided along predictable lines."
user-gpt,The conversation around climate change adaptation strategies has intensified following the release of a comprehensive new report. The document highlights both progress made and persistent gaps that require urgent attention. International cooperation is being cited as essential to any meaningful solution.
user-gpt,"New developments surrounding public transit investment have drawn significant attention from analysts and policymakers alike. Experts suggest the implications could be far-reaching, though the full impact remains to be seen. Multiple stakeholders are now calling for a coordinated response."
user-gpt,"A significant shift in mental health awareness campaigns was reported this week, prompting reactions across political and scientific communities. The latest data, reviewed by independent experts, points to trends that challenge conventional assumptions. Officials have yet to release a formal response."
user-human,"Existing literature on mental health awareness campaigns has predominantly relied on cross-sectional designs, limiting causal inference. The present research addresses this gap through a prospective cohort study spanning three years. Preliminary results indicate a statistically significant association (p less than 0.05) between key variables."
user-gpt,An investigation into autonomous vehicle safety has uncovered new details that challenge the official narrative. Documents obtained through a freedom of information request suggest the issue is more complex than initially reported. Several key witnesses have declined to comment.
user-human,"The concept of cybersecurity threats to infrastructure occupies a contested space within contemporary scholarly discourse. Divergent theoretical frameworks have produced inconsistent empirical findings, underscoring the need for methodological standardization. This paper proposes an integrative framework to reconcile competing interpretations."
user-human,Recent scholarship on cryptocurrency market volatility has largely focused on surface-level manifestations while neglecting underlying structural determinants. This article challenges dominant assumptions and calls for a more nuanced approach that integrates interdisciplinary perspectives. Implications for policy and practice are discussed in the concluding section.
user-gpt,"This paper examines aging population challenges through a critical lens, drawing on empirical evidence gathered over a two-year period. The findings suggest that existing frameworks are insufficient to explain observed phenomena. We propose a revised model that accounts for contextual variability and systemic factors previously overlooked in the literature."
user-human,"A significant shift in genomic research breakthroughs was reported this week, prompting reactions across political and scientific communities. The latest data, reviewed by independent experts, points to trends that challenge conventional assumptions. Officials have yet to release a formal response."
user-human,The theoretical underpinnings of renewable energy adoption have evolved considerably over the past two decades. What began as a niche area of inquiry has grown into a robust field with competing schools of thought. This review synthesizes key debates and identifies gaps that warrant further empirical investigation.
user-gpt,"Breaking- public transit investment. Sources close to the matter told reporters the situation developed rapidly over the past 48 hours. No official statement has been released, though a press conference is expected later today."
user-gemini,"The concept of genomic research breakthroughs occupies a contested space within contemporary scholarly discourse. Divergent theoretical frameworks have produced inconsistent empirical findings, underscoring the need for methodological standardization. This paper proposes an integrative framework to reconcile competing interpretations."
user-gemini,"This analysis examines gene editing ethics within the broader context of systemic transformation, drawing on interdisciplinary frameworks from sociology, economics, and political science. The data suggest that intervention at multiple levels is necessary for sustainable change. Policy recommendations are offered in alignment with current evidence-based standards."
user-human,Really fascinating to see how quickly things are moving on cybersecurity threats to infrastructure. There is so much potential here if we approach it thoughtfully. What are your thoughts?
user-human,can we talk about mental health awareness campaigns for a sec because i feel like people are completely missing the point here. this is bigger than most realize
user-gpt,"Breaking- student debt crisis. Sources close to the matter told reporters the situation developed rapidly over the past 48 hours. No official statement has been released, though a press conference is expected later today."
user-gemini,"Existing literature on mental health awareness campaigns has predominantly relied on cross-sectional designs, limiting causal inference. The present research addresses this gap through a prospective cohort study spanning three years. Preliminary results indicate a statistically significant association (p less than 0.05) between key variables."
user-human,"Analysts are closely watching developments related to algorithmic bias in hiring, noting that recent events mark a potential turning point. The situation underscores long-standing structural issues that have resisted easy solutions. Observers remain cautiously optimistic about prospects for reform."
user-human,"A new study published today reveals that digital divide in rural areas. Researchers from several universities collaborated on the findings, which have been met with mixed reactions from the scientific community. The lead researcher said the results were unexpected but compelling."
user-gpt,"This paper examines supply chain disruptions through a critical lens, drawing on empirical evidence gathered over a two-year period. The findings suggest that existing frameworks are insufficient to explain observed phenomena. We propose a revised model that accounts for contextual variability and systemic factors previously overlooked in the literature."
user-human,"Existing literature on public transit investment has predominantly relied on cross-sectional designs, limiting causal inference. The present research addresses this gap through a prospective cohort study spanning three years. Preliminary results indicate a statistically significant association (p less than 0.05) between key variables."
user-human,The theoretical underpinnings of autonomous vehicle safety have evolved considerably over the past two decades. What began as a niche area of inquiry has grown into a robust field with competing schools of thought. This review synthesizes key debates and identifies gaps that warrant further empirical investigation.
user-human,"officials confirmed on Tuesday that public transit investment. The announcement came after weeks of speculation. Critics argue the move is premature, while supporters say it was long overdue. Public response has been divided along predictable lines."
user-gemini,The theoretical underpinnings of water scarcity have evolved considerably over the past two decades. What began as a niche area of inquiry has grown into a robust field with competing schools of thought. This review synthesizes key debates and identifies gaps that warrant further empirical investigation.
user-human,"Analysts are closely watching developments related to mental health awareness campaigns, noting that recent events mark a potential turning point. The situation underscores long-standing structural issues that have resisted easy solutions. Observers remain cautiously optimistic about prospects for reform."
user-human,"A new study published today reveals that student debt crisis. Researchers from several universities collaborated on the findings, which have been met with mixed reactions from the scientific community. The lead researcher said the results were unexpected but compelling."
user-gpt,"Breaking- supply chain disruptions. Sources close to the matter told reporters the situation developed rapidly over the past 48 hours. No official statement has been released, though a press conference is expected later today."
user-human,"A significant shift in social media misinformation was reported this week, prompting reactions across political and scientific communities. The latest data, reviewed by independent experts, points to trends that challenge conventional assumptions. Officials have yet to release a formal response."
user-gemini,just saw someone arguing that cryptocurrency market volatility is fine and i am genuinely baffled. do people not understand how this works?? ð­
user-gpt,"According to recently released data, vaccine distribution challenges is emerging as one of the defining challenges of the decade. Experts from leading institutions have outlined a series of recommendations aimed at addressing the root causes. Stakeholders across sectors are now engaged in dialogue to determine next steps."
user-human,Just came across an article on nuclear energy policy and it is really making me reconsider some of my assumptions. Highly recommend giving it a read if you have not already.
user-gemini,idk why supply chain disruptions keeps coming up but every time it does the discourse gets worse. we need better conversations about this fr
user-gemini,"Spent the morning reading about aging population challenges and came away genuinely hopeful. Yes, the challenges are real, but so are the opportunities. Let is focus on solutions."
user-gpt,"The governance of artificial intelligence regulation presents unique challenges that existing regulatory frameworks are ill-equipped to address. Drawing on comparative case analysis across six jurisdictions, this study identifies best practices and areas of persistent failure. Recommendations are grounded in empirical evidence and stakeholder consultation."
user-human,"The concept of climate change adaptation strategies occupies a contested space within contemporary scholarly discourse. Divergent theoretical frameworks have produced inconsistent empirical findings, underscoring the need for methodological standardization. This paper proposes an integrative framework to reconcile competing interpretations."
user-human,"Breaking- gene editing ethics. Sources close to the matter told reporters the situation developed rapidly over the past 48 hours. No official statement has been released, though a press conference is expected later today."
user-human,update on genomic research breakthroughs- it is complicated and anyone telling you otherwise is selling something. do your own research please
user-human,"The relationship between autonomous vehicle safety and broader societal outcomes remains poorly understood despite growing interest in the field. This study contributes to the literature by analyzing a dataset of 1,200 cases across five geographic regions. Results indicate statistically significant correlations, though causality cannot be established from observational data alone."
user-human,Local authorities are responding to reports that cybersecurity threats to infrastructure. Emergency services were alerted at approximately 9 AM. The incident is under investigation. Residents in nearby areas have been asked to remain indoors as a precaution.
user-human,"The relationship between renewable energy adoption and broader societal outcomes remains poorly understood despite growing interest in the field. This study contributes to the literature by analyzing a dataset of 1,200 cases across five geographic regions. Results indicate statistically significant correlations, though causality cannot be established from observational data alone."
user-human,okay so i just read about social media misinformation and honestly?? i have so many thoughts. like WHY is this not getting more attention rn. thread ð§µð
user-human,Recent scholarship on gig economy labor rights has largely focused on surface-level manifestations while neglecting underlying structural determinants. This article challenges dominant assumptions and calls for a more nuanced approach that integrates interdisciplinary perspectives. Implications for policy and practice are discussed in the concluding section.
user-human,The theoretical underpinnings of gig economy labor rights have evolved considerably over the past two decades. What began as a niche area of inquiry has grown into a robust field with competing schools of thought. This review synthesizes key debates and identifies gaps that warrant further empirical investigation.
user-gpt,"This paper examines renewable energy adoption through a critical lens, drawing on empirical evidence gathered over a two-year period. The findings suggest that existing frameworks are insufficient to explain observed phenomena. We propose a revised model that accounts for contextual variability and systemic factors previously overlooked in the literature."
user-human,"This study investigates the multifaceted dimensions of cybersecurity threats to infrastructure, employing a mixed-methods approach to capture both quantitative patterns and qualitative nuances. The findings contribute to an evolving body of literature that challenges reductive theoretical models. Further longitudinal research is recommended to assess causal mechanisms."
user-gpt,so cybersecurity threats to infrastructure happened and my timeline is UNHINGED. some of you need to calm down and some of you need to be WAY more concerned tbh
user-human,"The concept of cybersecurity threats to infrastructure occupies a contested space within contemporary scholarly discourse. Divergent theoretical frameworks have produced inconsistent empirical findings, underscoring the need for methodological standardization. This paper proposes an integrative framework to reconcile competing interpretations."
user-gpt,"Breaking- election integrity concerns. Sources close to the matter told reporters the situation developed rapidly over the past 48 hours. No official statement has been released, though a press conference is expected later today."
user-human,"I have been thinking a lot about algorithmic bias in hiring lately, and I think we need to have a more nuanced conversation about it. The polarization is not helping anyone. Happy to discuss if you are open to it."
user-human,Recent scholarship on biodiversity loss has largely focused on surface-level manifestations while neglecting underlying structural determinants. This article challenges dominant assumptions and calls for a more nuanced approach that integrates interdisciplinary perspectives. Implications for policy and practice are discussed in the concluding section.
user-human,idk why aging population challenges keeps coming up but every time it does the discourse gets worse. we need better conversations about this fr
user-human,"The relationship between remote work productivity and broader societal outcomes remains poorly understood despite growing interest in the field. This study contributes to the literature by analyzing a dataset of 1,200 cases across five geographic regions. Results indicate statistically significant correlations, though causality cannot be established from observational data alone."
user-human,"A new study published today reveals that water scarcity. Researchers from several universities collaborated on the findings, which have been met with mixed reactions from the scientific community. The lead researcher said the results were unexpected but compelling."
user-human,"the relationship between mental health awareness campaigns and broader societal outcomes remains poorly understood despite growing interest in the field. This study contributes to the literature by analyzing a dataset of 1,200 cases across five geographic regions. Results indicate statistically significant correlations, though causality cannot be established from observational data alone."
user-human,Recent scholarship on mental health awareness campaigns has largely focused on surface-level manifestations while neglecting underlying structural determinants. This article challenges dominant assumptions and calls for a more nuanced approach that integrates interdisciplinary perspectives. Implications for policy and practice are discussed in the concluding section.
user-gpt,can we talk about social media misinformation for a sec because i feel like people are completely missing the point here. this is bigger than most realize
user-human,Just came across an article on student debt crisis and it is really making me reconsider some of my assumptions. Highly recommend giving it a read if you have not already.
user-gemini,"The relationship between mental health awareness campaigns and broader societal outcomes remains poorly understood despite growing interest in the field. This study contributes to the literature by analyzing a dataset of 1,200 cases across five geographic regions. Results indicate statistically significant correlations, though causality cannot be established from observational data alone."
user-gemini,"Analysts are closely watching developments related to vaccine distribution challenges, noting that recent events mark a potential turning point. The situation underscores long-standing structural issues that have resisted easy solutions. Observers remain cautiously optimistic about prospects for reform."
user-gpt,"According to recently released data, economic inequality trends is emerging as one of the defining challenges of the decade. Experts from leading institutions have outlined a series of recommendations aimed at addressing the root causes. Stakeholders across sectors are now engaged in dialogue to determine next steps."
user-gpt,"I have been thinking a lot about public transit investment lately, and I think we need to have a more nuanced conversation about it. The polarization is not helping anyone. Happy to discuss if you are open to it."
user-human,Concerns over aging population challenges continue to mount as new evidence emerges. A coalition of researchers has issued an open letter urging immediate action. The debate reflects deeper tensions about resource allocation and long-term planning.
user-human,so data privacy legislation happened and my timeline is UNHINGED. some of you need to calm down and some of you need to be WAY more concerned tbh
user-gemini,The theoretical underpinnings of digital divide in rural areas have evolved considerably over the past two decades. What began as a niche area of inquiry has grown into a robust field with competing schools of thought. This review synthesizes key debates and identifies gaps that warrant further empirical investigation.
user-human,"Spent the morning reading about data privacy legislation and came away genuinely hopeful. Yes, the challenges are real, but so are the opportunities. Let is focus on solutions."
user-human,can we talk about algorithmic bias in hiring for a sec because i feel like people are completely missing the point here. this is bigger than most realize
user-human,"This paper examines water scarcity through a critical lens, drawing on empirical evidence gathered over a two-year period. The findings suggest that existing frameworks are insufficient to explain observed phenomena. We propose a revised model that accounts for contextual variability and systemic factors previously overlooked in the literature."
user-human,Recent scholarship on gig economy labor rights has largely focused on surface-level manifestations while neglecting underlying structural determinants. This article challenges dominant assumptions and calls for a more nuanced approach that integrates interdisciplinary perspectives. Implications for policy and practice are discussed in the concluding section.
user-gpt,"This paper examines digital divide in rural areas through a critical lens, drawing on empirical evidence gathered over a two-year period. The findings suggest that existing frameworks are insufficient to explain observed phenomena. We propose a revised model that accounts for contextual variability and systemic factors previously overlooked in the literature."
user-human,Concerns over mental health awareness campaigns continue to mount as new evidence emerges. A coalition of researchers has issued an open letter urging immediate action. The debate reflects deeper tensions about resource allocation and long-term planning.
user-gemini,"This paper examines public transit investment through a critical lens, drawing on empirical evidence gathered over a two-year period. The findings suggest that existing frameworks are insufficient to explain observed phenomena. We propose a revised model that accounts for contextual variability and systemic factors previously overlooked in the literature."
user-gemini,"Been following the conversation about autonomous vehicle safety for a while now â it is encouraging to see more people engaging with it seriously. We still have a long way to go, but progress is happening."
user-gemini,Really fascinating to see how quickly things are moving on vaccine distribution challenges. There is so much potential here if we approach it thoughtfully. What are your thoughts?
user-gemini,"Spent the morning reading about renewable energy adoption and came away genuinely hopeful. Yes, the challenges are real, but so are the opportunities. Let is focus on solutions."
user-gemini,"Spent the morning reading about education reform debates and came away genuinely hopeful. Yes, the challenges are real, but so are the opportunities. Let is focus on solutions."
user-gpt,"A growing body of research underscores the salience of artificial intelligence regulation as both an academic and practical concern. This paper synthesizes findings from 47 peer-reviewed studies published between 2018 and 2024, identifying converging themes and methodological limitations. The results have implications for theory development and applied practice."
user-human,"The concept of data privacy legislation occupies a contested space within contemporary scholarly discourse. Divergent theoretical frameworks have produced inconsistent empirical findings, underscoring the need for methodological standardization. This paper proposes an integrative framework to reconcile competing interpretations."
user-human,"The relationship between economic inequality trends and broader societal outcomes remains poorly understood despite growing interest in the field. This study contributes to the literature by analyzing a dataset of 1,200 cases across five geographic regions. Results indicate statistically significant correlations, though causality cannot be established from observational data alone."
user-gpt,"Officials confirmed on Wednesday that artificial intelligence regulation. The announcement came after weeks of speculation. Critics argue the move is premature, while supporters say it was long overdue. Public response has been divided along predictable lines."
user-human,"This study investigates the multifaceted dimensions of urban housing shortages, employing a mixed-methods approach to capture both quantitative patterns and qualitative nuances. The findings contribute to an evolving body of literature that challenges reductive theoretical models. Further longitudinal research is recommended to assess causal mechanisms."
user-human,"The relationship between cryptocurrency market volatility and broader societal outcomes remains poorly understood despite growing interest in the field. This study contributes to the literature by analyzing a dataset of 1,200 cases across five geographic regions. Results indicate statistically significant correlations, though causality cannot be established from observational data alone."
user-gpt,"Officials confirmed on Friday that mental health awareness campaigns. The announcement came after weeks of speculation. Critics argue the move is premature, while supporters say it was long overdue. Public response has been divided along predictable lines."
user-human,The discourse around data privacy legislation has become so exhausting. Can we please acknowledge the complexity here instead of reducing it to talking points?
user-gpt,The theoretical underpinnings of election integrity concerns have evolved considerably over the past two decades. What began as a niche area of inquiry has grown into a robust field with competing schools of thought. This review synthesizes key debates and identifies gaps that warrant further empirical investigation.
user-human,"The concept of education reform debates occupies a contested space within contemporary scholarly discourse. Divergent theoretical frameworks have produced inconsistent empirical findings, underscoring the need for methodological standardization. This paper proposes an integrative framework to reconcile competing interpretations."
user-gemini,The theoretical underpinnings of education reform debates have evolved considerably over the past two decades. What began as a niche area of inquiry has grown into a robust field with competing schools of thought. This review synthesizes key debates and identifies gaps that warrant further empirical investigation.
user-human,"Spent the morning reading about water scarcity and came away genuinely hopeful. Yes, the challenges are real, but so are the opportunities. Let is focus on solutions."
user-human,"A new study published today reveals that aging population challenges. Researchers from several universities collaborated on the findings, which have been met with mixed reactions from the scientific community. The lead researcher said the results were unexpected but compelling."
user-gpt,"A new study published today reveals that social media misinformation. Researchers from several universities collaborated on the findings, which have been met with mixed reactions from the scientific community. The lead researcher said the results were unexpected but compelling."
user-human,The discourse around food security in developing nations has become so exhausting. Can we please acknowledge the complexity here instead of reducing it to talking points?
user-human,"The relationship between autonomous vehicle safety and broader societal outcomes remains poorly understood despite growing interest in the field. This study contributes to the literature by analyzing a dataset of 1,200 cases across five geographic regions. Results indicate statistically significant correlations, though causality cannot be established from observational data alone."
user-human,"This paper examines election integrity concerns through a critical lens, drawing on empirical evidence gathered over a two-year period. The findings suggest that existing frameworks are insufficient to explain observed phenomena. We propose a revised model that accounts for contextual variability and systemic factors previously overlooked in the literature."
user-gpt,Recent scholarship on aging population challenges has largely focused on surface-level manifestations while neglecting underlying structural determinants. This article challenges dominant assumptions and calls for a more nuanced approach that integrates interdisciplinary perspectives. Implications for policy and practice are discussed in the concluding section.
user-human,Just came across an article on climate change adaptation strategies and it is really making me reconsider some of my assumptions. Highly recommend giving it a read if you have not already.
user-human,okay so i just read about data privacy legislation and honestly?? i have so many thoughts. like WHY is this not getting more attention rn. thread ð§µð
user-human,The theoretical underpinnings of climate change adaptation strategies have evolved considerably over the past two decades. What began as a niche area of inquiry has grown into a robust field with competing schools of thought. This review synthesizes key debates and identifies gaps that warrant further empirical investigation.
user-human,okay so i just read about antibiotic resistance and honestly?? i have so many thoughts. like WHY is this not getting more attention rn. thread ð§µð
user-gpt,okay so i just read about urban housing shortages and honestly?? i have so many thoughts. like WHY is this not getting more attention rn. thread ð§µð
user-human,"New developments surrounding autonomous vehicle safety have drawn significant attention from analysts and policymakers alike. Experts suggest the implications could be far-reaching, though the full impact remains to be seen. Multiple stakeholders are now calling for a coordinated response."
user-human,Recent scholarship on genomic research breakthroughs has largely focused on surface-level manifestations while neglecting underlying structural determinants. This article challenges dominant assumptions and calls for a more nuanced approach that integrates interdisciplinary perspectives. Implications for policy and practice are discussed in the concluding section.
user-human,"The relationship between student debt crisis and broader societal outcomes remains poorly understood despite growing interest in the field. This study contributes to the literature by analyzing a dataset of 1,200 cases across five geographic regions. Results indicate statistically significant correlations, though causality cannot be established from observational data alone."
user-human,recent scholarship on nuclear energy policy has largely focused on surface-level manifestations while neglecting underlying structural determinants. This article challenges dominant assumptions and calls for a more nuanced approach that integrates interdisciplinary perspectives. Implications for policy and practice are discussed in the concluding section.
user-gemini,update on climate change adaptation strategies- it is complicated and anyone telling you otherwise is selling something. do your own research please
user-gemini,"Spent the morning reading about gene editing ethics and came away genuinely hopeful. Yes, the challenges are real, but so are the opportunities. Let is focus on solutions."
user-gemini,"Been following the conversation about urban housing shortages for a while now â it is encouraging to see more people engaging with it seriously. We still have a long way to go, but progress is happening."
user-human,"This analysis examines data privacy legislation within the broader context of systemic transformation, drawing on interdisciplinary frameworks from sociology, economics, and political science. The data suggest that intervention at multiple levels is necessary for sustainable change. Policy recommendations are offered in alignment with current evidence-based standards."
user-human,update on gene editing ethics- it is complicated and anyone telling you otherwise is selling something. do your own research please
user-gpt,"Breaking- artificial intelligence regulation. Sources close to the matter told reporters the situation developed rapidly over the past 48 hours. No official statement has been released, though a press conference is expected later today."
user-human,"I have been thinking a lot about public transit investment lately, and I think we need to have a more nuanced conversation about it. The polarization is not helping anyone. Happy to discuss if you are open to it."
user-human,Local authorities are responding to reports that aging population challenges. Emergency services were alerted at approximately 9 AM. The incident is under investigation. Residents in nearby areas have been asked to remain indoors as a precaution.
user-human,The theoretical underpinnings of nuclear energy policy have evolved considerably over the past two decades. What began as a niche area of inquiry has grown into a robust field with competing schools of thought. This review synthesizes key debates and identifies gaps that warrant further empirical investigation.
user-human,"Officials confirmed on Monday that antibiotic resistance. The announcement came after weeks of speculation. Critics argue the move is premature, while supporters say it was long overdue. Public response has been divided along predictable lines."
user-gpt,just saw someone arguing that student debt crisis is fine and i am genuinely baffled. do people not understand how this works?? ð­
user-human,"I have been thinking a lot about student debt crisis lately, and I think we need to have a more nuanced conversation about it. The polarization is not helping anyone. Happy to discuss if you are open to it."
user-gemini,"The relationship between climate change adaptation strategies and broader societal outcomes remains poorly understood despite growing interest in the field. This study contributes to the literature by analyzing a dataset of 1,200 cases across five geographic regions. Results indicate statistically significant correlations, though causality cannot be established from observational data alone."
user-human,The conversation around data privacy legislation has intensified following the release of a comprehensive new report. The document highlights both progress made and persistent gaps that require urgent attention. International cooperation is being cited as essential to any meaningful solution.
user-gpt,"A new study published today reveals that genomic research breakthroughs. Researchers from several universities collaborated on the findings, which have been met with mixed reactions from the scientific community. The lead researcher said the results were unexpected but compelling."
user-gpt,"A significant shift in algorithmic bias in hiring was reported this week, prompting reactions across political and scientific communities. The latest data, reviewed by independent experts, points to trends that challenge conventional assumptions. Officials have yet to release a formal response."
user-human,The discourse around biodiversity loss has become so exhausting. Can we please acknowledge the complexity here instead of reducing it to talking points?
user-human,"The relationship between education reform debates and broader societal outcomes remains poorly understood despite growing interest in the field. This study contributes to the literature by analyzing a dataset of 1,200 cases across five geographic regions. Results indicate statistically significant correlations, though causality cannot be established from observational data alone."
user-human,Local authorities are responding to reports that space exploration milestones. Emergency services were alerted at approximately 9 AM. The incident is under investigation. Residents in nearby areas have been asked to remain indoors as a precaution.
user-human,idk why remote work productivity keeps coming up but every time it does the discourse gets worse. we need better conversations about this fr
user-gpt,can we talk about aging population challenges for a sec because i feel like people are completely missing the point here. this is bigger than most realize
user-human,Just came across an article on student debt crisis and it is really making me reconsider some of my assumptions. Highly recommend giving it a read if you have not already.
user-gpt,Local authorities are responding to reports that urban housing shortages. Emergency services were alerted at approximately 9 AM. The incident is under investigation. Residents in nearby areas have been asked to remain indoors as a precaution.
user-gemini,The discourse around genomic research breakthroughs has become so exhausting. Can we please acknowledge the complexity here instead of reducing it to talking points?
user-human,"According to recently released data, education reform debates is emerging as one of the defining challenges of the decade. Experts from leading institutions have outlined a series of recommendations aimed at addressing the root causes. Stakeholders across sectors are now engaged in dialogue to determine next steps."
user-human,hot take- gene editing ethics is actually not that surprising if you have been paying attention. we have been saying this for years and nobody listened lol
user-human,Recent scholarship on gene editing ethics has largely focused on surface-level manifestations while neglecting underlying structural determinants. This article challenges dominant assumptions and calls for a more nuanced approach that integrates interdisciplinary perspectives. Implications for policy and practice are discussed in the concluding section.
user-gemini,"Officials confirmed on Monday that urban housing shortages. The announcement came after weeks of speculation. Critics argue the move is premature, while supporters say it was long overdue. Public response has been divided along predictable lines."
user-gpt,The conversation around public transit investment has intensified following the release of a comprehensive new report. The document highlights both progress made and persistent gaps that require urgent attention. International cooperation is being cited as essential to any meaningful solution.
user-gpt,"I have been thinking a lot about data privacy legislation lately, and I think we need to have a more nuanced conversation about it. The polarization is not helping anyone. Happy to discuss if you are open to it."
user-gemini,"The concept of public transit investment occupies a contested space within contemporary scholarly discourse. Divergent theoretical frameworks have produced inconsistent empirical findings, underscoring the need for methodological standardization. This paper proposes an integrative framework to reconcile competing interpretations."
user-human,"The governance of supply chain disruptions presents unique challenges that existing regulatory frameworks are ill-equipped to address. Drawing on comparative case analysis across six jurisdictions, this study identifies best practices and areas of persistent failure. Recommendations are grounded in empirical evidence and stakeholder consultation."
user-human,"This paper examines gig economy labor rights through a critical lens, drawing on empirical evidence gathered over a two-year period. The findings suggest that existing frameworks are insufficient to explain observed phenomena. We propose a revised model that accounts for contextual variability and systemic factors previously overlooked in the literature."
user-human,update on mental health awareness campaigns- it is complicated and anyone telling you otherwise is selling something. do your own research please
user-gpt,The theoretical underpinnings of food security in developing nations have evolved considerably over the past two decades. What began as a niche area of inquiry has grown into a robust field with competing schools of thought. This review synthesizes key debates and identifies gaps that warrant further empirical investigation.
user-gpt,"New developments surrounding renewable energy adoption have drawn significant attention from analysts and policymakers alike. Experts suggest the implications could be far-reaching, though the full impact remains to be seen. Multiple stakeholders are now calling for a coordinated response."
user-human,"A significant shift in digital divide in rural areas was reported this week, prompting reactions across political and scientific communities. The latest data, reviewed by independent experts, points to trends that challenge conventional assumptions. Officials have yet to release a formal response."
user-human,update on election integrity concerns- it is complicated and anyone telling you otherwise is selling something. do your own research please
user-human,The theoretical underpinnings of autonomous vehicle safety have evolved considerably over the past two decades. What began as a niche area of inquiry has grown into a robust field with competing schools of thought. This review synthesizes key debates and identifies gaps that warrant further empirical investigation.
user-human,update on renewable energy adoption- it is complicated and anyone telling you otherwise is selling something. do your own research please
user-human,"A new study published today reveals that antibiotic resistance. Researchers from several universities collaborated on the findings, which have been met with mixed reactions from the scientific community. The lead researcher said the results were unexpected but compelling."
user-human,The theoretical underpinnings of cybersecurity threats to infrastructure have evolved considerably over the past two decades. What began as a niche area of inquiry has grown into a robust field with competing schools of thought. This review synthesizes key debates and identifies gaps that warrant further empirical investigation.
user-gemini,An investigation into climate change adaptation strategies has uncovered new details that challenge the official narrative. Documents obtained through a freedom of information request suggest the issue is more complex than initially reported. Several key witnesses have declined to comment.
user-gpt,"A growing body of research underscores the salience of renewable energy adoption as both an academic and practical concern. This paper synthesizes findings from 47 peer-reviewed studies published between 2018 and 2024, identifying converging themes and methodological limitations. The results have implications for theory development and applied practice."
user-gemini,Just came across an article on biodiversity loss and it is really making me reconsider some of my assumptions. Highly recommend giving it a read if you have not already.
user-gemini,Really fascinating to see how quickly things are moving on remote work productivity. There is so much potential here if we approach it thoughtfully. What are your thoughts?
user-gemini,"Analysts are closely watching developments related to digital divide in rural areas, noting that recent events mark a potential turning point. The situation underscores long-standing structural issues that have resisted easy solutions. Observers remain cautiously optimistic about prospects for reform."
user-human,"A growing body of research underscores the salience of cybersecurity threats to infrastructure as both an academic and practical concern. This paper synthesizes findings from 47 peer-reviewed studies published between 2018 and 2024, identifying converging themes and methodological limitations. The results have implications for theory development and applied practice."
user-gpt,Recent scholarship on food security in developing nations has largely focused on surface-level manifestations while neglecting underlying structural determinants. This article challenges dominant assumptions and calls for a more nuanced approach that integrates interdisciplinary perspectives. Implications for policy and practice are discussed in the concluding section.
user-gpt,Just came across an article on gig economy labor rights and it is really making me reconsider some of my assumptions. Highly recommend giving it a read if you have not already.
user-human,Concerns over autonomous vehicle safety continue to mount as new evidence emerges. A coalition of researchers has issued an open letter urging immediate action. The debate reflects deeper tensions about resource allocation and long-term planning.
user-gemini,An investigation into digital divide in rural areas has uncovered new details that challenge the official narrative. Documents obtained through a freedom of information request suggest the issue is more complex than initially reported. Several key witnesses have declined to comment.
user-human,"Spent the morning reading about space exploration milestones and came away genuinely hopeful. Yes, the challenges are real, but so are the opportunities. Let is focus on solutions."
user-gpt,can we talk about aging population challenges for a sec because i feel like people are completely missing the point here. this is bigger than most realize
user-gpt,"I have been thinking a lot about vaccine distribution challenges lately, and I think we need to have a more nuanced conversation about it. The polarization is not helping anyone. Happy to discuss if you are open to it."
user-human,Just came across an article on economic inequality trends and it is really making me reconsider some of my assumptions. Highly recommend giving it a read if you have not already.
user-human,"This paper examines water scarcity through a critical lens, drawing on empirical evidence gathered over a two-year period. The findings suggest that existing frameworks are insufficient to explain observed phenomena. We propose a revised model that accounts for contextual variability and systemic factors previously overlooked in the literature."
user-gpt,The theoretical underpinnings of space exploration milestones have evolved considerably over the past two decades. What began as a niche area of inquiry has grown into a robust field with competing schools of thought. This review synthesizes key debates and identifies gaps that warrant further empirical investigation.
user-gemini,"A significant shift in climate change adaptation strategies was reported this week, prompting reactions across political and scientific communities. The latest data, reviewed by independent experts, points to trends that challenge conventional assumptions. Officials have yet to release a formal response."
user-human,"Analysts are closely watching developments related to artificial intelligence regulation, noting that recent events mark a potential turning point. The situation underscores long-standing structural issues that have resisted easy solutions. Observers remain cautiously optimistic about prospects for reform."
user-gemini,just saw someone arguing that education reform debates is fine and i am genuinely baffled. do people not understand how this works?? ð­
user-human,Really fascinating to see how quickly things are moving on economic inequality trends. There is so much potential here if we approach it thoughtfully. What are your thoughts?
user-human,"the relationship between gig economy labor rights and broader societal outcomes remains poorly understood despite growing interest in the field. This study contributes to the literature by analyzing a dataset of 1,200 cases across five geographic regions. Results indicate statistically significant correlations, though causality cannot be established from observational data alone."
user-human,"This paper examines economic inequality trends through a critical lens, drawing on empirical evidence gathered over a two-year period. The findings suggest that existing frameworks are insufficient to explain observed phenomena. We propose a revised model that accounts for contextual variability and systemic factors previously overlooked in the literature."
user-human,"The relationship between artificial intelligence regulation and broader societal outcomes remains poorly understood despite growing interest in the field. This study contributes to the literature by analyzing a dataset of 1,200 cases across five geographic regions. Results indicate statistically significant correlations, though causality cannot be established from observational data alone."
user-human,"The relationship between urban housing shortages and broader societal outcomes remains poorly understood despite growing interest in the field. This study contributes to the literature by analyzing a dataset of 1,200 cases across five geographic regions. Results indicate statistically significant correlations, though causality cannot be established from observational data alone."
user-human,The theoretical underpinnings of cryptocurrency market volatility have evolved considerably over the past two decades. What began as a niche area of inquiry has grown into a robust field with competing schools of thought. This review synthesizes key debates and identifies gaps that warrant further empirical investigation.
user-human,hot take- space exploration milestones is actually not that surprising if you have been paying attention. we have been saying this for years and nobody listened lol
user-human,"Officials confirmed on Monday that nuclear energy policy. The announcement came after weeks of speculation. Critics argue the move is premature, while supporters say it was long overdue. Public response has been divided along predictable lines."
user-gemini,An investigation into cryptocurrency market volatility has uncovered new details that challenge the official narrative. Documents obtained through a freedom of information request suggest the issue is more complex than initially reported. Several key witnesses have declined to comment.
user-human,"A growing body of research underscores the salience of renewable energy adoption as both an academic and practical concern. This paper synthesizes findings from 47 peer-reviewed studies published between 2018 and 2024, identifying converging themes and methodological limitations. The results have implications for theory development and applied practice."
user-human,so cryptocurrency market volatility happened and my timeline is UNHINGED. some of you need to calm down and some of you need to be WAY more concerned tbh
user-human,idk why social media misinformation keeps coming up but every time it does the discourse gets worse. we need better conversations about this fr
user-gpt,"A new study published today reveals that data privacy legislation. Researchers from several universities collaborated on the findings, which have been met with mixed reactions from the scientific community. The lead researcher said the results were unexpected but compelling."
user-human,Concerns over urban housing shortages continue to mount as new evidence emerges. A coalition of researchers has issued an open letter urging immediate action. The debate reflects deeper tensions about resource allocation and long-term planning.
user-gemini,Local authorities are responding to reports that remote work productivity. Emergency services were alerted at approximately 9 AM. The incident is under investigation. Residents in nearby areas have been asked to remain indoors as a precaution.
user-gemini,"Analysts are closely watching developments related to autonomous vehicle safety, noting that recent events mark a potential turning point. The situation underscores long-standing structural issues that have resisted easy solutions. Observers remain cautiously optimistic about prospects for reform."
user-human,The conversation around algorithmic bias in hiring has intensified following the release of a comprehensive new report. The document highlights both progress made and persistent gaps that require urgent attention. International cooperation is being cited as essential to any meaningful solution.
user-human,idk why food security in developing nations keeps coming up but every time it does the discourse gets worse. we need better conversations about this fr
user-gpt,Local authorities are responding to reports that social media misinformation. Emergency services were alerted at approximately 9 AM. The incident is under investigation. Residents in nearby areas have been asked to remain indoors as a precaution.
user-human,"The concept of space exploration milestones occupies a contested space within contemporary scholarly discourse. Divergent theoretical frameworks have produced inconsistent empirical findings, underscoring the need for methodological standardization. This paper proposes an integrative framework to reconcile competing interpretations."
user-gemini,Recent scholarship on gig economy labor rights has largely focused on surface-level manifestations while neglecting underlying structural determinants. This article challenges dominant assumptions and calls for a more nuanced approach that integrates interdisciplinary perspectives. Implications for policy and practice are discussed in the concluding section.
user-human,"Been following the conversation about nuclear energy policy for a while now â it is encouraging to see more people engaging with it seriously. We still have a long way to go, but progress is happening."
user-human,just saw someone arguing that water scarcity is fine and i am genuinely baffled. do people not understand how this works?? ð­
user-human,An investigation into student debt crisis has uncovered new details that challenge the official narrative. Documents obtained through a freedom of information request suggest the issue is more complex than initially reported. Several key witnesses have declined to comment.
user-human,An investigation into gig economy labor rights has uncovered new details that challenge the official narrative. Documents obtained through a freedom of information request suggest the issue is more complex than initially reported. Several key witnesses have declined to comment.
user-human,"The relationship between digital divide in rural areas and broader societal outcomes remains poorly understood despite growing interest in the field. This study contributes to the literature by analyzing a dataset of 1,200 cases across five geographic regions. Results indicate statistically significant correlations, though causality cannot be established from observational data alone."
user-human,hot take- urban housing shortages is actually not that surprising if you have been paying attention. we have been saying this for years and nobody listened lol
user-gemini,so aging population challenges happened and my timeline is UNHINGED. some of you need to calm down and some of you need to be WAY more concerned tbh
user-human,"Been following the conversation about vaccine distribution challenges for a while now â it is encouraging to see more people engaging with it seriously. We still have a long way to go, but progress is happening."
user-gemini,recent scholarship on nuclear energy policy has largely focused on surface-level manifestations while neglecting underlying structural determinants. This article challenges dominant assumptions and calls for a more nuanced approach that integrates interdisciplinary perspectives. Implications for policy and practice are discussed in the concluding section.
user-human,"A growing body of research underscores the salience of renewable energy adoption as both an academic and practical concern. This paper synthesizes findings from 47 peer-reviewed studies published between 2018 and 2024, identifying converging themes and methodological limitations. The results have implications for theory development and applied practice."
user-human,"The relationship between artificial intelligence regulation and broader societal outcomes remains poorly understood despite growing interest in the field. This study contributes to the literature by analyzing a dataset of 1,200 cases across five geographic regions. Results indicate statistically significant correlations, though causality cannot be established from observational data alone."
user-human,"A new study published today reveals that genomic research breakthroughs. Researchers from several universities collaborated on the findings, which have been met with mixed reactions from the scientific community. The lead researcher said the results were unexpected but compelling."
user-human,The theoretical underpinnings of biodiversity loss have evolved considerably over the past two decades. What began as a niche area of inquiry has grown into a robust field with competing schools of thought. This review synthesizes key debates and identifies gaps that warrant further empirical investigation.
user-human,just saw someone arguing that antibiotic resistance is fine and i am genuinely baffled. do people not understand how this works?? ð­
user-human,"this paper examines gig economy labor rights through a critical lens, drawing on empirical evidence gathered over a two-year period. The findings suggest that existing frameworks are insufficient to explain observed phenomena. We propose a revised model that accounts for contextual variability and systemic factors previously overlooked in the literature."
user-human,The theoretical underpinnings of social media misinformation have evolved considerably over the past two decades. What began as a niche area of inquiry has grown into a robust field with competing schools of thought. This review synthesizes key debates and identifies gaps that warrant further empirical investigation.
user-gemini,An investigation into economic inequality trends has uncovered new details that challenge the official narrative. Documents obtained through a freedom of information request suggest the issue is more complex than initially reported. Several key witnesses have declined to comment.
user-human,"This analysis examines artificial intelligence regulation within the broader context of systemic transformation, drawing on interdisciplinary frameworks from sociology, economics, and political science. The data suggest that intervention at multiple levels is necessary for sustainable change. Policy recommendations are offered in alignment with current evidence-based standards."
user-human,Recent scholarship on autonomous vehicle safety has largely focused on surface-level manifestations while neglecting underlying structural determinants. This article challenges dominant assumptions and calls for a more nuanced approach that integrates interdisciplinary perspectives. Implications for policy and practice are discussed in the concluding section.
user-gpt,okay so i just read about nuclear energy policy and honestly?? i have so many thoughts. like WHY is this not getting more attention rn. thread ð§µð
user-human,"New developments surrounding election integrity concerns have drawn significant attention from analysts and policymakers alike. Experts suggest the implications could be far-reaching, though the full impact remains to be seen. Multiple stakeholders are now calling for a coordinated response."
user-gemini,The theoretical underpinnings of genomic research breakthroughs have evolved considerably over the past two decades. What began as a niche area of inquiry has grown into a robust field with competing schools of thought. This review synthesizes key debates and identifies gaps that warrant further empirical investigation.
user-human,"A growing body of research underscores the salience of digital divide in rural areas as both an academic and practical concern. This paper synthesizes findings from 47 peer-reviewed studies published between 2018 and 2024, identifying converging themes and methodological limitations. The results have implications for theory development and applied practice."
user-human,hot take- aging population challenges is actually not that surprising if you have been paying attention. we have been saying this for years and nobody listened lol
user-human,An investigation into digital divide in rural areas has uncovered new details that challenge the official narrative. Documents obtained through a freedom of information request suggest the issue is more complex than initially reported. Several key witnesses have declined to comment.
user-human,okay so i just read about digital divide in rural areas and honestly?? i have so many thoughts. like WHY is this not getting more attention rn. thread ð§µð
user-human,"The relationship between autonomous vehicle safety and broader societal outcomes remains poorly understood despite growing interest in the field. This study contributes to the literature by analyzing a dataset of 1,200 cases across five geographic regions. Results indicate statistically significant correlations, though causality cannot be established from observational data alone."
user-human,The theoretical underpinnings of gig economy labor rights have evolved considerably over the past two decades. What began as a niche area of inquiry has grown into a robust field with competing schools of thought. This review synthesizes key debates and identifies gaps that warrant further empirical investigation.
user-human,can we talk about genomic research breakthroughs for a sec because i feel like people are completely missing the point here. this is bigger than most realize
user-human,"This paper examines aging population challenges through a critical lens, drawing on empirical evidence gathered over a two-year period. The findings suggest that existing frameworks are insufficient to explain observed phenomena. We propose a revised model that accounts for contextual variability and systemic factors previously overlooked in the literature."
user-human,Local authorities are responding to reports that mental health awareness campaigns. Emergency services were alerted at approximately 9 AM. The incident is under investigation. Residents in nearby areas have been asked to remain indoors as a precaution.
user-gemini,"The relationship between renewable energy adoption and broader societal outcomes remains poorly understood despite growing interest in the field. This study contributes to the literature by analyzing a dataset of 1,200 cases across five geographic regions. Results indicate statistically significant correlations, though causality cannot be established from observational data alone."
user-human,"Been following the conversation about social media misinformation for a while now â it is encouraging to see more people engaging with it seriously. We still have a long way to go, but progress is happening."
user-human,An investigation into cybersecurity threats to infrastructure has uncovered new details that challenge the official narrative. Documents obtained through a freedom of information request suggest the issue is more complex than initially reported. Several key witnesses have declined to comment.
user-human,Recent scholarship on gig economy labor rights has largely focused on surface-level manifestations while neglecting underlying structural determinants. This article challenges dominant assumptions and calls for a more nuanced approach that integrates interdisciplinary perspectives. Implications for policy and practice are discussed in the concluding section.
user-gpt,just saw someone arguing that food security in developing nations is fine and i am genuinely baffled. do people not understand how this works?? ð­
user-gpt,"Existing literature on education reform debates has predominantly relied on cross-sectional designs, limiting causal inference. The present research addresses this gap through a prospective cohort study spanning three years. Preliminary results indicate a statistically significant association (p less than 0.05) between key variables."
user-human,"This study investigates the multifaceted dimensions of remote work productivity, employing a mixed-methods approach to capture both quantitative patterns and qualitative nuances. The findings contribute to an evolving body of literature that challenges reductive theoretical models. Further longitudinal research is recommended to assess causal mechanisms."
user-human,Local authorities are responding to reports that cryptocurrency market volatility. Emergency services were alerted at approximately 9 AM. The incident is under investigation. Residents in nearby areas have been asked to remain indoors as a precaution.
user-human,hot take- aging population challenges is actually not that surprising if you have been paying attention. we have been saying this for years and nobody listened lol
user-gpt,Local authorities are responding to reports that cybersecurity threats to infrastructure. Emergency services were alerted at approximately 9 AM. The incident is under investigation. Residents in nearby areas have been asked to remain indoors as a precaution.
user-gpt,"A significant shift in biodiversity loss was reported this week, prompting reactions across political and scientific communities. The latest data, reviewed by independent experts, points to trends that challenge conventional assumptions. Officials have yet to release a formal response."
user-human,"I have been thinking a lot about urban housing shortages lately, and I think we need to have a more nuanced conversation about it. The polarization is not helping anyone. Happy to discuss if you are open to it."
user-human,"A new study published today reveals that cybersecurity threats to infrastructure. Researchers from several universities collaborated on the findings, which have been met with mixed reactions from the scientific community. The lead researcher said the results were unexpected but compelling."
user-human,The theoretical underpinnings of climate change adaptation strategies have evolved considerably over the past two decades. What began as a niche area of inquiry has grown into a robust field with competing schools of thought. This review synthesizes key debates and identifies gaps that warrant further empirical investigation.
user-human,"The relationship between algorithmic bias in hiring and broader societal outcomes remains poorly understood despite growing interest in the field. This study contributes to the literature by analyzing a dataset of 1,200 cases across five geographic regions. Results indicate statistically significant correlations, though causality cannot be established from observational data alone."
user-human,so vaccine distribution challenges happened and my timeline is UNHINGED. some of you need to calm down and some of you need to be WAY more concerned tbh
user-human,Recent scholarship on gig economy labor rights has largely focused on surface-level manifestations while neglecting underlying structural determinants. This article challenges dominant assumptions and calls for a more nuanced approach that integrates interdisciplinary perspectives. Implications for policy and practice are discussed in the concluding section.
user-human,Recent scholarship on gene editing ethics has largely focused on surface-level manifestations while neglecting underlying structural determinants. This article challenges dominant assumptions and calls for a more nuanced approach that integrates interdisciplinary perspectives. Implications for policy and practice are discussed in the concluding section.
user-human,"Officials confirmed on Wednesday that urban housing shortages. The announcement came after weeks of speculation. Critics argue the move is premature, while supporters say it was long overdue. Public response has been divided along predictable lines."
user-gemini,The theoretical underpinnings of water scarcity have evolved considerably over the past two decades. What began as a niche area of inquiry has grown into a robust field with competing schools of thought. This review synthesizes key debates and identifies gaps that warrant further empirical investigation.
user-human,"This analysis examines education reform debates within the broader context of systemic transformation, drawing on interdisciplinary frameworks from sociology, economics, and political science. The data suggest that intervention at multiple levels is necessary for sustainable change. Policy recommendations are offered in alignment with current evidence-based standards."
user-human,"Officials confirmed on Monday that artificial intelligence regulation. The announcement came after weeks of speculation. Critics argue the move is premature, while supporters say it was long overdue. Public response has been divided along predictable lines."
user-human,okay so i just read about algorithmic bias in hiring and honestly?? i have so many thoughts. like WHY is this not getting more attention rn. thread ð§µð
user-gpt,An investigation into nuclear energy policy has uncovered new details that challenge the official narrative. Documents obtained through a freedom of information request suggest the issue is more complex than initially reported. Several key witnesses have declined to comment.
user-human,Concerns over artificial intelligence regulation continue to mount as new evidence emerges. A coalition of researchers has issued an open letter urging immediate action. The debate reflects deeper tensions about resource allocation and long-term planning.
user-gemini,can we talk about autonomous vehicle safety for a sec because i feel like people are completely missing the point here. this is bigger than most realize
user-gpt,"Analysts are closely watching developments related to gig economy labor rights, noting that recent events mark a potential turning point. The situation underscores long-standing structural issues that have resisted easy solutions. Observers remain cautiously optimistic about prospects for reform."
user-human,"A significant shift in social media misinformation was reported this week, prompting reactions across political and scientific communities. The latest data, reviewed by independent experts, points to trends that challenge conventional assumptions. Officials have yet to release a formal response."
user-human,The theoretical underpinnings of algorithmic bias in hiring have evolved considerably over the past two decades. What began as a niche area of inquiry has grown into a robust field with competing schools of thought. This review synthesizes key debates and identifies gaps that warrant further empirical investigation.
user-human,can we talk about aging population challenges for a sec because i feel like people are completely missing the point here. this is bigger than most realize
user-gpt,"The relationship between autonomous vehicle safety and broader societal outcomes remains poorly understood despite growing interest in the field. This study contributes to the literature by analyzing a dataset of 1,200 cases across five geographic regions. Results indicate statistically significant correlations, though causality cannot be established from observational data alone."
user-gpt,"Existing literature on education reform debates has predominantly relied on cross-sectional designs, limiting causal inference. The present research addresses this gap through a prospective cohort study spanning three years. Preliminary results indicate a statistically significant association (p less than 0.05) between key variables."
user-gemini,The discourse around aging population challenges has become so exhausting. Can we please acknowledge the complexity here instead of reducing it to talking points?
user-human,"Spent the morning reading about genomic research breakthroughs and came away genuinely hopeful. Yes, the challenges are real, but so are the opportunities. Let is focus on solutions."
user-human,idk why climate change adaptation strategies keeps coming up but every time it does the discourse gets worse. we need better conversations about this fr
user-human,hot take- supply chain disruptions is actually not that surprising if you have been paying attention. we have been saying this for years and nobody listened lol
user-human,"Officials confirmed on Thursday that remote work productivity. The announcement came after weeks of speculation. Critics argue the move is premature, while supporters say it was long overdue. Public response has been divided along predictable lines."
user-gpt,hot take- antibiotic resistance is actually not that surprising if you have been paying attention. we have been saying this for years and nobody listened lol
user-gpt,"The concept of water scarcity occupies a contested space within contemporary scholarly discourse. Divergent theoretical frameworks have produced inconsistent empirical findings, underscoring the need for methodological standardization. This paper proposes an integrative framework to reconcile competing interpretations."
user-human,"This study investigates the multifaceted dimensions of cryptocurrency market volatility, employing a mixed-methods approach to capture both quantitative patterns and qualitative nuances. The findings contribute to an evolving body of literature that challenges reductive theoretical models. Further longitudinal research is recommended to assess causal mechanisms."
user-human,The theoretical underpinnings of autonomous vehicle safety have evolved considerably over the past two decades. What began as a niche area of inquiry has grown into a robust field with competing schools of thought. This review synthesizes key debates and identifies gaps that warrant further empirical investigation.
user-human,can we talk about algorithmic bias in hiring for a sec because i feel like people are completely missing the point here. this is bigger than most realize
user-human,update on food security in developing nations- it is complicated and anyone telling you otherwise is selling something. do your own research please
user-human,can we talk about cybersecurity threats to infrastructure for a sec because i feel like people are completely missing the point here. this is bigger than most realize
user-human,Local authorities are responding to reports that election integrity concerns. Emergency services were alerted at approximately 9 AM. The incident is under investigation. Residents in nearby areas have been asked to remain indoors as a precaution.
user-gpt,The theoretical underpinnings of urban housing shortages have evolved considerably over the past two decades. What began as a niche area of inquiry has grown into a robust field with competing schools of thought. This review synthesizes key debates and identifies gaps that warrant further empirical investigation.
user-gemini,"The concept of artificial intelligence regulation occupies a contested space within contemporary scholarly discourse. Divergent theoretical frameworks have produced inconsistent empirical findings, underscoring the need for methodological standardization. This paper proposes an integrative framework to reconcile competing interpretations."
user-gpt,"This analysis examines supply chain disruptions within the broader context of systemic transformation, drawing on interdisciplinary frameworks from sociology, economics, and political science. The data suggest that intervention at multiple levels is necessary for sustainable change. Policy recommendations are offered in alignment with current evidence-based standards."
user-human,"New developments surrounding economic inequality trends have drawn significant attention from analysts and policymakers alike. Experts suggest the implications could be far-reaching, though the full impact remains to be seen. Multiple stakeholders are now calling for a coordinated response."
user-human,Recent scholarship on biodiversity loss has largely focused on surface-level manifestations while neglecting underlying structural determinants. This article challenges dominant assumptions and calls for a more nuanced approach that integrates interdisciplinary perspectives. Implications for policy and practice are discussed in the concluding section.
user-gpt,"Officials confirmed on Thursday that space exploration milestones. The announcement came after weeks of speculation. Critics argue the move is premature, while supporters say it was long overdue. Public response has been divided along predictable lines."
user-gpt,"New developments surrounding autonomous vehicle safety have drawn significant attention from analysts and policymakers alike. Experts suggest the implications could be far-reaching, though the full impact remains to be seen. Multiple stakeholders are now calling for a coordinated response."
user-gpt,"A significant shift in biodiversity loss was reported this week, prompting reactions across political and scientific communities. The latest data, reviewed by independent experts, points to trends that challenge conventional assumptions. Officials have yet to release a formal response."
user-human,"New developments surrounding digital divide in rural areas have drawn significant attention from analysts and policymakers alike. Experts suggest the implications could be far-reaching, though the full impact remains to be seen. Multiple stakeholders are now calling for a coordinated response."
user-gpt,The theoretical underpinnings of food security in developing nations have evolved considerably over the past two decades. What began as a niche area of inquiry has grown into a robust field with competing schools of thought. This review synthesizes key debates and identifies gaps that warrant further empirical investigation.
user-human,"This study investigates the multifaceted dimensions of artificial intelligence regulation, employing a mixed-methods approach to capture both quantitative patterns and qualitative nuances. The findings contribute to an evolving body of literature that challenges reductive theoretical models. Further longitudinal research is recommended to assess causal mechanisms."
user-human,"This paper examines food security in developing nations through a critical lens, drawing on empirical evidence gathered over a two-year period. The findings suggest that existing frameworks are insufficient to explain observed phenomena. We propose a revised model that accounts for contextual variability and systemic factors previously overlooked in the literature."
user-human,just saw someone arguing that digital divide in rural areas is fine and i am genuinely baffled. do people not understand how this works?? ð­
user-human,The theoretical underpinnings of vaccine distribution challenges have evolved considerably over the past two decades. What began as a niche area of inquiry has grown into a robust field with competing schools of thought. This review synthesizes key debates and identifies gaps that warrant further empirical investigation.
user-gpt,"A new study published today reveals that student debt crisis. Researchers from several universities collaborated on the findings, which have been met with mixed reactions from the scientific community. The lead researcher said the results were unexpected but compelling."
user-human,"A significant shift in data privacy legislation was reported this week, prompting reactions across political and scientific communities. The latest data, reviewed by independent experts, points to trends that challenge conventional assumptions. Officials have yet to release a formal response."
user-human,Local authorities are responding to reports that social media misinformation. Emergency services were alerted at approximately 9 AM. The incident is under investigation. Residents in nearby areas have been asked to remain indoors as a precaution.
user-human,"The relationship between renewable energy adoption and broader societal outcomes remains poorly understood despite growing interest in the field. This study contributes to the literature by analyzing a dataset of 1,200 cases across five geographic regions. Results indicate statistically significant correlations, though causality cannot be established from observational data alone."
user-human,"The relationship between food security in developing nations and broader societal outcomes remains poorly understood despite growing interest in the field. This study contributes to the literature by analyzing a dataset of 1,200 cases across five geographic regions. Results indicate statistically significant correlations, though causality cannot be established from observational data alone."
user-human,can we talk about public transit investment for a sec because i feel like people are completely missing the point here. this is bigger than most realize
user-gpt,The theoretical underpinnings of renewable energy adoption have evolved considerably over the past two decades. What began as a niche area of inquiry has grown into a robust field with competing schools of thought. This review synthesizes key debates and identifies gaps that warrant further empirical investigation.
user-gpt,The discourse around urban housing shortages has become so exhausting. Can we please acknowledge the complexity here instead of reducing it to talking points?
user-human,"The concept of artificial intelligence regulation occupies a contested space within contemporary scholarly discourse. Divergent theoretical frameworks have produced inconsistent empirical findings, underscoring the need for methodological standardization. This paper proposes an integrative framework to reconcile competing interpretations."
user-gpt,"This paper examines gene editing ethics through a critical lens, drawing on empirical evidence gathered over a two-year period. The findings suggest that existing frameworks are insufficient to explain observed phenomena. We propose a revised model that accounts for contextual variability and systemic factors previously overlooked in the literature."
user-human,"Existing literature on social media misinformation has predominantly relied on cross-sectional designs, limiting causal inference. The present research addresses this gap through a prospective cohort study spanning three years. Preliminary results indicate a statistically significant association (p less than 0.05) between key variables."
user-human,just saw someone arguing that algorithmic bias in hiring is fine and i am genuinely baffled. do people not understand how this works?? ð­
user-gpt,hot take- vaccine distribution challenges is actually not that surprising if you have been paying attention. we have been saying this for years and nobody listened lol
user-gpt,"I have been thinking a lot about digital divide in rural areas lately, and I think we need to have a more nuanced conversation about it. The polarization is not helping anyone. Happy to discuss if you are open to it."
user-human,"I have been thinking a lot about education reform debates lately, and I think we need to have a more nuanced conversation about it. The polarization is not helping anyone. Happy to discuss if you are open to it."
user-human,"This paper examines public transit investment through a critical lens, drawing on empirical evidence gathered over a two-year period. The findings suggest that existing frameworks are insufficient to explain observed phenomena. We propose a revised model that accounts for contextual variability and systemic factors previously overlooked in the literature."
user-human,okay so i just read about climate change adaptation strategies and honestly?? i have so many thoughts. like WHY is this not getting more attention rn. thread ð§µð
user-human,idk why education reform debates keeps coming up but every time it does the discourse gets worse. we need better conversations about this fr
user-human,idk why election integrity concerns keeps coming up but every time it does the discourse gets worse. we need better conversations about this fr
user-gemini,idk why aging population challenges keeps coming up but every time it does the discourse gets worse. we need better conversations about this fr
user-gpt,"Spent the morning reading about student debt crisis and came away genuinely hopeful. Yes, the challenges are real, but so are the opportunities. Let is focus on solutions."
user-human,The discourse around climate change adaptation strategies has become so exhausting. Can we please acknowledge the complexity here instead of reducing it to talking points?
user-human,"This paper examines remote work productivity through a critical lens, drawing on empirical evidence gathered over a two-year period. The findings suggest that existing frameworks are insufficient to explain observed phenomena. We propose a revised model that accounts for contextual variability and systemic factors previously overlooked in the literature."
user-human,Local authorities are responding to reports that gene editing ethics. Emergency services were alerted at approximately 9 AM. The incident is under investigation. Residents in nearby areas have been asked to remain indoors as a precaution.
user-human,Recent scholarship on vaccine distribution challenges has largely focused on surface-level manifestations while neglecting underlying structural determinants. This article challenges dominant assumptions and calls for a more nuanced approach that integrates interdisciplinary perspectives. Implications for policy and practice are discussed in the concluding section.
user-gpt,The theoretical underpinnings of antibiotic resistance have evolved considerably over the past two decades. What began as a niche area of inquiry has grown into a robust field with competing schools of thought. This review synthesizes key debates and identifies gaps that warrant further empirical investigation.
user-human,"A significant shift in biodiversity loss was reported this week, prompting reactions across political and scientific communities. The latest data, reviewed by independent experts, points to trends that challenge conventional assumptions. Officials have yet to release a formal response."
user-human,"The relationship between space exploration milestones and broader societal outcomes remains poorly understood despite growing interest in the field. This study contributes to the literature by analyzing a dataset of 1,200 cases across five geographic regions. Results indicate statistically significant correlations, though causality cannot be established from observational data alone."
user-human,"A new study published today reveals that climate change adaptation strategies. Researchers from several universities collaborated on the findings, which have been met with mixed reactions from the scientific community. The lead researcher said the results were unexpected but compelling."
user-human,can we talk about artificial intelligence regulation for a sec because i feel like people are completely missing the point here. this is bigger than most realize
user-human,Local authorities are responding to reports that education reform debates. Emergency services were alerted at approximately 9 AM. The incident is under investigation. Residents in nearby areas have been asked to remain indoors as a precaution.
user-human,so climate change adaptation strategies happened and my timeline is UNHINGED. some of you need to calm down and some of you need to be WAY more concerned tbh
user-human,idk why supply chain disruptions keeps coming up but every time it does the discourse gets worse. we need better conversations about this fr
user-human,"Officials confirmed on Tuesday that nuclear energy policy. The announcement came after weeks of speculation. Critics argue the move is premature, while supporters say it was long overdue. Public response has been divided along predictable lines."
user-human,update on supply chain disruptions- it is complicated and anyone telling you otherwise is selling something. do your own research please
user-human,The theoretical underpinnings of election integrity concerns have evolved considerably over the past two decades. What began as a niche area of inquiry has grown into a robust field with competing schools of thought. This review synthesizes key debates and identifies gaps that warrant further empirical investigation.
user-human,"The relationship between cryptocurrency market volatility and broader societal outcomes remains poorly understood despite growing interest in the field. This study contributes to the literature by analyzing a dataset of 1,200 cases across five geographic regions. Results indicate statistically significant correlations, though causality cannot be established from observational data alone."
user-human,"The relationship between economic inequality trends and broader societal outcomes remains poorly understood despite growing interest in the field. This study contributes to the literature by analyzing a dataset of 1,200 cases across five geographic regions. Results indicate statistically significant correlations, though causality cannot be established from observational data alone."
user-gemini,An investigation into renewable energy adoption has uncovered new details that challenge the official narrative. Documents obtained through a freedom of information request suggest the issue is more complex than initially reported. Several key witnesses have declined to comment.
user-human,"Analysts are closely watching developments related to public transit investment, noting that recent events mark a potential turning point. The situation underscores long-standing structural issues that have resisted easy solutions. Observers remain cautiously optimistic about prospects for reform."
user-human,"A new study published today reveals that climate change adaptation strategies. Researchers from several universities collaborated on the findings, which have been met with mixed reactions from the scientific community. The lead researcher said the results were unexpected but compelling."
user-human,Recent scholarship on data privacy legislation has largely focused on surface-level manifestations while neglecting underlying structural determinants. This article challenges dominant assumptions and calls for a more nuanced approach that integrates interdisciplinary perspectives. Implications for policy and practice are discussed in the concluding section.
user-human,"The relationship between climate change adaptation strategies and broader societal outcomes remains poorly understood despite growing interest in the field. This study contributes to the literature by analyzing a dataset of 1,200 cases across five geographic regions. Results indicate statistically significant correlations, though causality cannot be established from observational data alone."
user-gpt,The theoretical underpinnings of genomic research breakthroughs have evolved considerably over the past two decades. What began as a niche area of inquiry has grown into a robust field with competing schools of thought. This review synthesizes key debates and identifies gaps that warrant further empirical investigation.
user-human,The discourse around urban housing shortages has become so exhausting. Can we please acknowledge the complexity here instead of reducing it to talking points?
user-human,Recent scholarship on gig economy labor rights has largely focused on surface-level manifestations while neglecting underlying structural determinants. This article challenges dominant assumptions and calls for a more nuanced approach that integrates interdisciplinary perspectives. Implications for policy and practice are discussed in the concluding section.
user-gpt,"Officials confirmed on Tuesday that data privacy legislation. The announcement came after weeks of speculation. Critics argue the move is premature, while supporters say it was long overdue. Public response has been divided along predictable lines."
user-human,Concerns over biodiversity loss continue to mount as new evidence emerges. A coalition of researchers has issued an open letter urging immediate action. The debate reflects deeper tensions about resource allocation and long-term planning.
user-human,update on social media misinformation- it is complicated and anyone telling you otherwise is selling something. do your own research please
user-gemini,"Officials confirmed on Wednesday that student debt crisis. The announcement came after weeks of speculation. Critics argue the move is premature, while supporters say it was long overdue. Public response has been divided along predictable lines."
user-human,"A growing body of research underscores the salience of election integrity concerns as both an academic and practical concern. This paper synthesizes findings from 47 peer-reviewed studies published between 2018 and 2024, identifying converging themes and methodological limitations. The results have implications for theory development and applied practice."
user-human,"This paper examines social media misinformation through a critical lens, drawing on empirical evidence gathered over a two-year period. The findings suggest that existing frameworks are insufficient to explain observed phenomena. We propose a revised model that accounts for contextual variability and systemic factors previously overlooked in the literature."
user-gpt,just saw someone arguing that social media misinformation is fine and i am genuinely baffled. do people not understand how this works?? ð­
user-gpt,"New developments surrounding economic inequality trends have drawn significant attention from analysts and policymakers alike. Experts suggest the implications could be far-reaching, though the full impact remains to be seen. Multiple stakeholders are now calling for a coordinated response."
user-human,Concerns over space exploration milestones continue to mount as new evidence emerges. A coalition of researchers has issued an open letter urging immediate action. The debate reflects deeper tensions about resource allocation and long-term planning.
user-human,"The relationship between digital divide in rural areas and broader societal outcomes remains poorly understood despite growing interest in the field. This study contributes to the literature by analyzing a dataset of 1,200 cases across five geographic regions. Results indicate statistically significant correlations, though causality cannot be established from observational data alone."
user-human,"Officials confirmed on Tuesday that food security in developing nations. The announcement came after weeks of speculation. Critics argue the move is premature, while supporters say it was long overdue. Public response has been divided along predictable lines."
user-gemini,"Breaking- climate change adaptation strategies. Sources close to the matter told reporters the situation developed rapidly over the past 48 hours. No official statement has been released, though a press conference is expected later today."
user-gemini,"According to recently released data, algorithmic bias in hiring is emerging as one of the defining challenges of the decade. Experts from leading institutions have outlined a series of recommendations aimed at addressing the root causes. Stakeholders across sectors are now engaged in dialogue to determine next steps."
user-human,"The governance of renewable energy adoption presents unique challenges that existing regulatory frameworks are ill-equipped to address. Drawing on comparative case analysis across six jurisdictions, this study identifies best practices and areas of persistent failure. Recommendations are grounded in empirical evidence and stakeholder consultation."
user-human,Local authorities are responding to reports that water scarcity. Emergency services were alerted at approximately 9 AM. The incident is under investigation. Residents in nearby areas have been asked to remain indoors as a precaution.
user-gpt,An investigation into mental health awareness campaigns has uncovered new details that challenge the official narrative. Documents obtained through a freedom of information request suggest the issue is more complex than initially reported. Several key witnesses have declined to comment.
user-gpt,"I have been thinking a lot about antibiotic resistance lately, and I think we need to have a more nuanced conversation about it. The polarization is not helping anyone. Happy to discuss if you are open to it."
user-human,"I have been thinking a lot about genomic research breakthroughs lately, and I think we need to have a more nuanced conversation about it. The polarization is not helping anyone. Happy to discuss if you are open to it."
user-human,okay so i just read about genomic research breakthroughs and honestly?? i have so many thoughts. like WHY is this not getting more attention rn. thread ð§µð
user-gemini,"Breaking- vaccine distribution challenges. Sources close to the matter told reporters the situation developed rapidly over the past 48 hours. No official statement has been released, though a press conference is expected later today."
user-human,"Spent the morning reading about water scarcity and came away genuinely hopeful. Yes, the challenges are real, but so are the opportunities. Let is focus on solutions."
user-human,The theoretical underpinnings of antibiotic resistance have evolved considerably over the past two decades. What began as a niche area of inquiry has grown into a robust field with competing schools of thought. This review synthesizes key debates and identifies gaps that warrant further empirical investigation.
user-gemini,Recent scholarship on renewable energy adoption has largely focused on surface-level manifestations while neglecting underlying structural determinants. This article challenges dominant assumptions and calls for a more nuanced approach that integrates interdisciplinary perspectives. Implications for policy and practice are discussed in the concluding section.
user-gpt,The conversation around renewable energy adoption has intensified following the release of a comprehensive new report. The document highlights both progress made and persistent gaps that require urgent attention. International cooperation is being cited as essential to any meaningful solution.
user-gpt,"I have been thinking a lot about food security in developing nations lately, and I think we need to have a more nuanced conversation about it. The polarization is not helping anyone. Happy to discuss if you are open to it."
user-human,"I have been thinking a lot about gig economy labor rights lately, and I think we need to have a more nuanced conversation about it. The polarization is not helping anyone. Happy to discuss if you are open to it."
user-human,so education reform debates happened and my timeline is UNHINGED. some of you need to calm down and some of you need to be WAY more concerned tbh
user-human,The theoretical underpinnings of renewable energy adoption have evolved considerably over the past two decades. What began as a niche area of inquiry has grown into a robust field with competing schools of thought. This review synthesizes key debates and identifies gaps that warrant further empirical investigation.
user-human,so remote work productivity happened and my timeline is UNHINGED. some of you need to calm down and some of you need to be WAY more concerned tbh
user-human,update on social media misinformation- it is complicated and anyone telling you otherwise is selling something. do your own research please
user-human,okay so i just read about biodiversity loss and honestly?? i have so many thoughts. like WHY is this not getting more attention rn. thread ð§µð
user-human,Local authorities are responding to reports that urban housing shortages. Emergency services were alerted at approximately 9 AM. The incident is under investigation. Residents in nearby areas have been asked to remain indoors as a precaution.
user-human,An investigation into remote work productivity has uncovered new details that challenge the official narrative. Documents obtained through a freedom of information request suggest the issue is more complex than initially reported. Several key witnesses have declined to comment.
user-human,"The relationship between antibiotic resistance and broader societal outcomes remains poorly understood despite growing interest in the field. This study contributes to the literature by analyzing a dataset of 1,200 cases across five geographic regions. Results indicate statistically significant correlations, though causality cannot be established from observational data alone."
user-human,An investigation into water scarcity has uncovered new details that challenge the official narrative. Documents obtained through a freedom of information request suggest the issue is more complex than initially reported. Several key witnesses have declined to comment.
user-human,The theoretical underpinnings of data privacy legislation have evolved considerably over the past two decades. What began as a niche area of inquiry has grown into a robust field with competing schools of thought. This review synthesizes key debates and identifies gaps that warrant further empirical investigation.
user-human,"A new study published today reveals that aging population challenges. Researchers from several universities collaborated on the findings, which have been met with mixed reactions from the scientific community. The lead researcher said the results were unexpected but compelling."
user-human,"This paper examines urban housing shortages through a critical lens, drawing on empirical evidence gathered over a two-year period. The findings suggest that existing frameworks are insufficient to explain observed phenomena. We propose a revised model that accounts for contextual variability and systemic factors previously overlooked in the literature."
user-human,Recent scholarship on digital divide in rural areas has largely focused on surface-level manifestations while neglecting underlying structural determinants. This article challenges dominant assumptions and calls for a more nuanced approach that integrates interdisciplinary perspectives. Implications for policy and practice are discussed in the concluding section.
user-human,okay so i just read about autonomous vehicle safety and honestly?? i have so many thoughts. like WHY is this not getting more attention rn. thread ð§µð
user-human,The theoretical underpinnings of cybersecurity threats to infrastructure have evolved considerably over the past two decades. What began as a niche area of inquiry has grown into a robust field with competing schools of thought. This review synthesizes key debates and identifies gaps that warrant further empirical investigation.
user-human,just saw someone arguing that student debt crisis is fine and i am genuinely baffled. do people not understand how this works?? ð­
user-human,"This paper examines algorithmic bias in hiring through a critical lens, drawing on empirical evidence gathered over a two-year period. The findings suggest that existing frameworks are insufficient to explain observed phenomena. We propose a revised model that accounts for contextual variability and systemic factors previously overlooked in the literature."
user-gpt,okay so i just read about remote work productivity and honestly?? i have so many thoughts. like WHY is this not getting more attention rn. thread ð§µð
user-gpt,"A significant shift in genomic research breakthroughs was reported this week, prompting reactions across political and scientific communities. The latest data, reviewed by independent experts, points to trends that challenge conventional assumptions. Officials have yet to release a formal response."
user-human,The discourse around cybersecurity threats to infrastructure has become so exhausting. Can we please acknowledge the complexity here instead of reducing it to talking points?
user-gemini,"Breaking- algorithmic bias in hiring. Sources close to the matter told reporters the situation developed rapidly over the past 48 hours. No official statement has been released, though a press conference is expected later today."
user-gpt,"According to recently released data, genomic research breakthroughs is emerging as one of the defining challenges of the decade. Experts from leading institutions have outlined a series of recommendations aimed at addressing the root causes. Stakeholders across sectors are now engaged in dialogue to determine next steps."
user-human,The discourse around vaccine distribution challenges has become so exhausting. Can we please acknowledge the complexity here instead of reducing it to talking points?
user-human,Recent scholarship on renewable energy adoption has largely focused on surface-level manifestations while neglecting underlying structural determinants. This article challenges dominant assumptions and calls for a more nuanced approach that integrates interdisciplinary perspectives. Implications for policy and practice are discussed in the concluding section.
user-human,can we talk about space exploration milestones for a sec because i feel like people are completely missing the point here. this is bigger than most realize
user-human,okay so i just read about urban housing shortages and honestly?? i have so many thoughts. like WHY is this not getting more attention rn. thread ð§µð
user-human,"Officials confirmed on Tuesday that supply chain disruptions. The announcement came after weeks of speculation. Critics argue the move is premature, while supporters say it was long overdue. Public response has been divided along predictable lines."
user-human,"The relationship between climate change adaptation strategies and broader societal outcomes remains poorly understood despite growing interest in the field. This study contributes to the literature by analyzing a dataset of 1,200 cases across five geographic regions. Results indicate statistically significant correlations, though causality cannot be established from observational data alone."
user-gpt,the theoretical underpinnings of economic inequality trends have evolved considerably over the past two decades. What began as a niche area of inquiry has grown into a robust field with competing schools of thought. This review synthesizes key debates and identifies gaps that warrant further empirical investigation.
user-human,"The concept of election integrity concerns occupies a contested space within contemporary scholarly discourse. Divergent theoretical frameworks have produced inconsistent empirical findings, underscoring the need for methodological standardization. This paper proposes an integrative framework to reconcile competing interpretations."
user-human,can we talk about antibiotic resistance for a sec because i feel like people are completely missing the point here. this is bigger than most realize
user-gemini,"The relationship between water scarcity and broader societal outcomes remains poorly understood despite growing interest in the field. This study contributes to the literature by analyzing a dataset of 1,200 cases across five geographic regions. Results indicate statistically significant correlations, though causality cannot be established from observational data alone."
user-human,"A growing body of research underscores the salience of social media misinformation as both an academic and practical concern. This paper synthesizes findings from 47 peer-reviewed studies published between 2018 and 2024, identifying converging themes and methodological limitations. The results have implications for theory development and applied practice."
user-human,okay so i just read about election integrity concerns and honestly?? i have so many thoughts. like WHY is this not getting more attention rn. thread ð§µð
user-human,An investigation into economic inequality trends has uncovered new details that challenge the official narrative. Documents obtained through a freedom of information request suggest the issue is more complex than initially reported. Several key witnesses have declined to comment.
user-human,An investigation into genomic research breakthroughs has uncovered new details that challenge the official narrative. Documents obtained through a freedom of information request suggest the issue is more complex than initially reported. Several key witnesses have declined to comment.
user-gemini,"Officials confirmed on Friday that cryptocurrency market volatility. The announcement came after weeks of speculation. Critics argue the move is premature, while supporters say it was long overdue. Public response has been divided along predictable lines."
user-gpt,"According to recently released data, mental health awareness campaigns is emerging as one of the defining challenges of the decade. Experts from leading institutions have outlined a series of recommendations aimed at addressing the root causes. Stakeholders across sectors are now engaged in dialogue to determine next steps."
user-human,"The concept of genomic research breakthroughs occupies a contested space within contemporary scholarly discourse. Divergent theoretical frameworks have produced inconsistent empirical findings, underscoring the need for methodological standardization. This paper proposes an integrative framework to reconcile competing interpretations."
user-human,"This paper examines public transit investment through a critical lens, drawing on empirical evidence gathered over a two-year period. The findings suggest that existing frameworks are insufficient to explain observed phenomena. We propose a revised model that accounts for contextual variability and systemic factors previously overlooked in the literature."
user-human,"this paper examines cryptocurrency market volatility through a critical lens, drawing on empirical evidence gathered over a two-year period. The findings suggest that existing frameworks are insufficient to explain observed phenomena. We propose a revised model that accounts for contextual variability and systemic factors previously overlooked in the literature."
user-human,Recent scholarship on algorithmic bias in hiring has largely focused on surface-level manifestations while neglecting underlying structural determinants. This article challenges dominant assumptions and calls for a more nuanced approach that integrates interdisciplinary perspectives. Implications for policy and practice are discussed in the concluding section.
user-human,The theoretical underpinnings of gig economy labor rights have evolved considerably over the past two decades. What began as a niche area of inquiry has grown into a robust field with competing schools of thought. This review synthesizes key debates and identifies gaps that warrant further empirical investigation.
user-gpt,"A new study published today reveals that nuclear energy policy. Researchers from several universities collaborated on the findings, which have been met with mixed reactions from the scientific community. The lead researcher said the results were unexpected but compelling."
user-human,The discourse around gig economy labor rights has become so exhausting. Can we please acknowledge the complexity here instead of reducing it to talking points?
user-human,The theoretical underpinnings of artificial intelligence regulation have evolved considerably over the past two decades. What began as a niche area of inquiry has grown into a robust field with competing schools of thought. This review synthesizes key debates and identifies gaps that warrant further empirical investigation.
user-gemini,"The relationship between biodiversity loss and broader societal outcomes remains poorly understood despite growing interest in the field. This study contributes to the literature by analyzing a dataset of 1,200 cases across five geographic regions. Results indicate statistically significant correlations, though causality cannot be established from observational data alone."
user-human,"This analysis examines gig economy labor rights within the broader context of systemic transformation, drawing on interdisciplinary frameworks from sociology, economics, and political science. The data suggest that intervention at multiple levels is necessary for sustainable change. Policy recommendations are offered in alignment with current evidence-based standards."
user-human,idk why genomic research breakthroughs keeps coming up but every time it does the discourse gets worse. we need better conversations about this fr
user-human,An investigation into biodiversity loss has uncovered new details that challenge the official narrative. Documents obtained through a freedom of information request suggest the issue is more complex than initially reported. Several key witnesses have declined to comment.
user-human,Local authorities are responding to reports that genomic research breakthroughs. Emergency services were alerted at approximately 9 AM. The incident is under investigation. Residents in nearby areas have been asked to remain indoors as a precaution.
user-human,just saw someone arguing that climate change adaptation strategies is fine and i am genuinely baffled. do people not understand how this works?? ð­
user-human,"Officials confirmed on Monday that election integrity concerns. The announcement came after weeks of speculation. Critics argue the move is premature, while supporters say it was long overdue. Public response has been divided along predictable lines."
user-human,"this paper examines mental health awareness campaigns through a critical lens, drawing on empirical evidence gathered over a two-year period. The findings suggest that existing frameworks are insufficient to explain observed phenomena. We propose a revised model that accounts for contextual variability and systemic factors previously overlooked in the literature."
user-human,can we talk about aging population challenges for a sec because i feel like people are completely missing the point here. this is bigger than most realize
user-human,okay so i just read about gig economy labor rights and honestly?? i have so many thoughts. like WHY is this not getting more attention rn. thread ð§µð
user-human,idk why space exploration milestones keeps coming up but every time it does the discourse gets worse. we need better conversations about this fr
user-gpt,The theoretical underpinnings of economic inequality trends have evolved considerably over the past two decades. What began as a niche area of inquiry has grown into a robust field with competing schools of thought. This review synthesizes key debates and identifies gaps that warrant further empirical investigation.
user-human,Concerns over food security in developing nations continue to mount as new evidence emerges. A coalition of researchers has issued an open letter urging immediate action. The debate reflects deeper tensions about resource allocation and long-term planning.
user-human,so gene editing ethics happened and my timeline is UNHINGED. some of you need to calm down and some of you need to be WAY more concerned tbh
user-gpt,"Breaking- social media misinformation. Sources close to the matter told reporters the situation developed rapidly over the past 48 hours. No official statement has been released, though a press conference is expected later today."
user-gpt,"The concept of supply chain disruptions occupies a contested space within contemporary scholarly discourse. Divergent theoretical frameworks have produced inconsistent empirical findings, underscoring the need for methodological standardization. This paper proposes an integrative framework to reconcile competing interpretations."
user-human,"I have been thinking a lot about economic inequality trends lately, and I think we need to have a more nuanced conversation about it. The polarization is not helping anyone. Happy to discuss if you are open to it."
user-gemini,An investigation into water scarcity has uncovered new details that challenge the official narrative. Documents obtained through a freedom of information request suggest the issue is more complex than initially reported. Several key witnesses have declined to comment.
user-gpt,Really fascinating to see how quickly things are moving on public transit investment. There is so much potential here if we approach it thoughtfully. What are your thoughts?
user-human,"New developments surrounding education reform debates have drawn significant attention from analysts and policymakers alike. Experts suggest the implications could be far-reaching, though the full impact remains to be seen. Multiple stakeholders are now calling for a coordinated response."
user-human,The theoretical underpinnings of biodiversity loss have evolved considerably over the past two decades. What began as a niche area of inquiry has grown into a robust field with competing schools of thought. This review synthesizes key debates and identifies gaps that warrant further empirical investigation.
user-gemini,so antibiotic resistance happened and my timeline is UNHINGED. some of you need to calm down and some of you need to be WAY more concerned tbh
user-human,"Been following the conversation about water scarcity for a while now â it is encouraging to see more people engaging with it seriously. We still have a long way to go, but progress is happening."
user-gemini,so education reform debates happened and my timeline is UNHINGED. some of you need to calm down and some of you need to be WAY more concerned tbh
user-gpt,"This analysis examines aging population challenges within the broader context of systemic transformation, drawing on interdisciplinary frameworks from sociology, economics, and political science. The data suggest that intervention at multiple levels is necessary for sustainable change. Policy recommendations are offered in alignment with current evidence-based standards."
user-gemini,Concerns over renewable energy adoption continue to mount as new evidence emerges. A coalition of researchers has issued an open letter urging immediate action. The debate reflects deeper tensions about resource allocation and long-term planning.
user-gemini,"A growing body of research underscores the salience of space exploration milestones as both an academic and practical concern. This paper synthesizes findings from 47 peer-reviewed studies published between 2018 and 2024, identifying converging themes and methodological limitations. The results have implications for theory development and applied practice."
user-human,Really fascinating to see how quickly things are moving on algorithmic bias in hiring. There is so much potential here if we approach it thoughtfully. What are your thoughts?
user-human,"The relationship between remote work productivity and broader societal outcomes remains poorly understood despite growing interest in the field. This study contributes to the literature by analyzing a dataset of 1,200 cases across five geographic regions. Results indicate statistically significant correlations, though causality cannot be established from observational data alone."
user-human,can we talk about digital divide in rural areas for a sec because i feel like people are completely missing the point here. this is bigger than most realize
user-human,"Officials confirmed on Monday that gene editing ethics. The announcement came after weeks of speculation. Critics argue the move is premature, while supporters say it was long overdue. Public response has been divided along predictable lines."
user-gemini,"The relationship between cryptocurrency market volatility and broader societal outcomes remains poorly understood despite growing interest in the field. This study contributes to the literature by analyzing a dataset of 1,200 cases across five geographic regions. Results indicate statistically significant correlations, though causality cannot be established from observational data alone."
user-human,"A growing body of research underscores the salience of gene editing ethics as both an academic and practical concern. This paper synthesizes findings from 47 peer-reviewed studies published between 2018 and 2024, identifying converging themes and methodological limitations. The results have implications for theory development and applied practice."
user-human,"Officials confirmed on Friday that supply chain disruptions. The announcement came after weeks of speculation. Critics argue the move is premature, while supporters say it was long overdue. Public response has been divided along predictable lines."
user-human,Local authorities are responding to reports that urban housing shortages. Emergency services were alerted at approximately 9 AM. The incident is under investigation. Residents in nearby areas have been asked to remain indoors as a precaution.
user-human,Recent scholarship on food security in developing nations has largely focused on surface-level manifestations while neglecting underlying structural determinants. This article challenges dominant assumptions and calls for a more nuanced approach that integrates interdisciplinary perspectives. Implications for policy and practice are discussed in the concluding section.
user-human,hot take- biodiversity loss is actually not that surprising if you have been paying attention. we have been saying this for years and nobody listened lol
user-gemini,idk why remote work productivity keeps coming up but every time it does the discourse gets worse. we need better conversations about this fr
user-human,The conversation around space exploration milestones has intensified following the release of a comprehensive new report. The document highlights both progress made and persistent gaps that require urgent attention. International cooperation is being cited as essential to any meaningful solution.
user-human,"Breaking- autonomous vehicle safety. Sources close to the matter told reporters the situation developed rapidly over the past 48 hours. No official statement has been released, though a press conference is expected later today."
user-human,"Officials confirmed on Monday that food security in developing nations. The announcement came after weeks of speculation. Critics argue the move is premature, while supporters say it was long overdue. Public response has been divided along predictable lines."
user-gpt,"This paper examines remote work productivity through a critical lens, drawing on empirical evidence gathered over a two-year period. The findings suggest that existing frameworks are insufficient to explain observed phenomena. We propose a revised model that accounts for contextual variability and systemic factors previously overlooked in the literature."
user-gemini,Concerns over gig economy labor rights continue to mount as new evidence emerges. A coalition of researchers has issued an open letter urging immediate action. The debate reflects deeper tensions about resource allocation and long-term planning.
user-human,"Analysts are closely watching developments related to supply chain disruptions, noting that recent events mark a potential turning point. The situation underscores long-standing structural issues that have resisted easy solutions. Observers remain cautiously optimistic about prospects for reform."
user-human,update on space exploration milestones- it is complicated and anyone telling you otherwise is selling something. do your own research please
user-human,"A new study published today reveals that algorithmic bias in hiring. Researchers from several universities collaborated on the findings, which have been met with mixed reactions from the scientific community. The lead researcher said the results were unexpected but compelling."
user-human,Local authorities are responding to reports that autonomous vehicle safety. Emergency services were alerted at approximately 9 AM. The incident is under investigation. Residents in nearby areas have been asked to remain indoors as a precaution.
user-human,Recent scholarship on data privacy legislation has largely focused on surface-level manifestations while neglecting underlying structural determinants. This article challenges dominant assumptions and calls for a more nuanced approach that integrates interdisciplinary perspectives. Implications for policy and practice are discussed in the concluding section.
user-human,update on public transit investment- it is complicated and anyone telling you otherwise is selling something. do your own research please
user-human,so vaccine distribution challenges happened and my timeline is UNHINGED. some of you need to calm down and some of you need to be WAY more concerned tbh
user-gpt,"Breaking- education reform debates. Sources close to the matter told reporters the situation developed rapidly over the past 48 hours. No official statement has been released, though a press conference is expected later today."
user-gpt,"I have been thinking a lot about antibiotic resistance lately, and I think we need to have a more nuanced conversation about it. The polarization is not helping anyone. Happy to discuss if you are open to it."
user-gemini,"I have been thinking a lot about artificial intelligence regulation lately, and I think we need to have a more nuanced conversation about it. The polarization is not helping anyone. Happy to discuss if you are open to it."
user-gemini,"Analysts are closely watching developments related to mental health awareness campaigns, noting that recent events mark a potential turning point. The situation underscores long-standing structural issues that have resisted easy solutions. Observers remain cautiously optimistic about prospects for reform."
user-gemini,Really fascinating to see how quickly things are moving on economic inequality trends. There is so much potential here if we approach it thoughtfully. What are your thoughts?
user-gpt,"This analysis examines nuclear energy policy within the broader context of systemic transformation, drawing on interdisciplinary frameworks from sociology, economics, and political science. The data suggest that intervention at multiple levels is necessary for sustainable change. Policy recommendations are offered in alignment with current evidence-based standards."
user-human,"The concept of remote work productivity occupies a contested space within contemporary scholarly discourse. Divergent theoretical frameworks have produced inconsistent empirical findings, underscoring the need for methodological standardization. This paper proposes an integrative framework to reconcile competing interpretations."
user-human,can we talk about data privacy legislation for a sec because i feel like people are completely missing the point here. this is bigger than most realize
user-gemini,Recent scholarship on nuclear energy policy has largely focused on surface-level manifestations while neglecting underlying structural determinants. This article challenges dominant assumptions and calls for a more nuanced approach that integrates interdisciplinary perspectives. Implications for policy and practice are discussed in the concluding section.
user-human,"The governance of social media misinformation presents unique challenges that existing regulatory frameworks are ill-equipped to address. Drawing on comparative case analysis across six jurisdictions, this study identifies best practices and areas of persistent failure. Recommendations are grounded in empirical evidence and stakeholder consultation."
user-human,"Officials confirmed on Thursday that education reform debates. The announcement came after weeks of speculation. Critics argue the move is premature, while supporters say it was long overdue. Public response has been divided along predictable lines."
user-gpt,Recent scholarship on food security in developing nations has largely focused on surface-level manifestations while neglecting underlying structural determinants. This article challenges dominant assumptions and calls for a more nuanced approach that integrates interdisciplinary perspectives. Implications for policy and practice are discussed in the concluding section.
user-human,Just came across an article on remote work productivity and it is really making me reconsider some of my assumptions. Highly recommend giving it a read if you have not already.
user-human,Recent scholarship on remote work productivity has largely focused on surface-level manifestations while neglecting underlying structural determinants. This article challenges dominant assumptions and calls for a more nuanced approach that integrates interdisciplinary perspectives. Implications for policy and practice are discussed in the concluding section.
user-human,The theoretical underpinnings of space exploration milestones have evolved considerably over the past two decades. What began as a niche area of inquiry has grown into a robust field with competing schools of thought. This review synthesizes key debates and identifies gaps that warrant further empirical investigation.
user-human,"This paper examines mental health awareness campaigns through a critical lens, drawing on empirical evidence gathered over a two-year period. The findings suggest that existing frameworks are insufficient to explain observed phenomena. We propose a revised model that accounts for contextual variability and systemic factors previously overlooked in the literature."
user-human,"This paper examines climate change adaptation strategies through a critical lens, drawing on empirical evidence gathered over a two-year period. The findings suggest that existing frameworks are insufficient to explain observed phenomena. We propose a revised model that accounts for contextual variability and systemic factors previously overlooked in the literature."
user-human,Local authorities are responding to reports that water scarcity. Emergency services were alerted at approximately 9 AM. The incident is under investigation. Residents in nearby areas have been asked to remain indoors as a precaution.
user-human,"The relationship between artificial intelligence regulation and broader societal outcomes remains poorly understood despite growing interest in the field. This study contributes to the literature by analyzing a dataset of 1,200 cases across five geographic regions. Results indicate statistically significant correlations, though causality cannot be established from observational data alone."
user-human,An investigation into autonomous vehicle safety has uncovered new details that challenge the official narrative. Documents obtained through a freedom of information request suggest the issue is more complex than initially reported. Several key witnesses have declined to comment.
user-gpt,just saw someone arguing that data privacy legislation is fine and i am genuinely baffled. do people not understand how this works?? ð­
user-gpt,"I have been thinking a lot about renewable energy adoption lately, and I think we need to have a more nuanced conversation about it. The polarization is not helping anyone. Happy to discuss if you are open to it."
user-human,"This study investigates the multifaceted dimensions of data privacy legislation, employing a mixed-methods approach to capture both quantitative patterns and qualitative nuances. The findings contribute to an evolving body of literature that challenges reductive theoretical models. Further longitudinal research is recommended to assess causal mechanisms."
user-human,"a new study published today reveals that social media misinformation. Researchers from several universities collaborated on the findings, which have been met with mixed reactions from the scientific community. The lead researcher said the results were unexpected but compelling."
user-gemini,An investigation into vaccine distribution challenges has uncovered new details that challenge the official narrative. Documents obtained through a freedom of information request suggest the issue is more complex than initially reported. Several key witnesses have declined to comment.
user-gemini,"Spent the morning reading about genomic research breakthroughs and came away genuinely hopeful. Yes, the challenges are real, but so are the opportunities. Let is focus on solutions."
user-human,"Spent the morning reading about water scarcity and came away genuinely hopeful. Yes, the challenges are real, but so are the opportunities. Let is focus on solutions."
user-human,okay so i just read about remote work productivity and honestly?? i have so many thoughts. like WHY is this not getting more attention rn. thread ð§µð
user-gpt,An investigation into public transit investment has uncovered new details that challenge the official narrative. Documents obtained through a freedom of information request suggest the issue is more complex than initially reported. Several key witnesses have declined to comment.
user-human,The discourse around climate change adaptation strategies has become so exhausting. Can we please acknowledge the complexity here instead of reducing it to talking points?
user-human,Local authorities are responding to reports that nuclear energy policy. Emergency services were alerted at approximately 9 AM. The incident is under investigation. Residents in nearby areas have been asked to remain indoors as a precaution.
user-human,Local authorities are responding to reports that economic inequality trends. Emergency services were alerted at approximately 9 AM. The incident is under investigation. Residents in nearby areas have been asked to remain indoors as a precaution.
user-human,hot take- mental health awareness campaigns is actually not that surprising if you have been paying attention. we have been saying this for years and nobody listened lol
user-human,Recent scholarship on genomic research breakthroughs has largely focused on surface-level manifestations while neglecting underlying structural determinants. This article challenges dominant assumptions and calls for a more nuanced approach that integrates interdisciplinary perspectives. Implications for policy and practice are discussed in the concluding section.
user-human,"Breaking- urban housing shortages. Sources close to the matter told reporters the situation developed rapidly over the past 48 hours. No official statement has been released, though a press conference is expected later today."
user-gpt,idk why public transit investment keeps coming up but every time it does the discourse gets worse. we need better conversations about this fr
user-human,The discourse around public transit investment has become so exhausting. Can we please acknowledge the complexity here instead of reducing it to talking points?
user-human,The theoretical underpinnings of economic inequality trends have evolved considerably over the past two decades. What began as a niche area of inquiry has grown into a robust field with competing schools of thought. This review synthesizes key debates and identifies gaps that warrant further empirical investigation.
user-gpt,Local authorities are responding to reports that water scarcity. Emergency services were alerted at approximately 9 AM. The incident is under investigation. Residents in nearby areas have been asked to remain indoors as a precaution.
user-human,"A significant shift in vaccine distribution challenges was reported this week, prompting reactions across political and scientific communities. The latest data, reviewed by independent experts, points to trends that challenge conventional assumptions. Officials have yet to release a formal response."
user-gpt,can we talk about genomic research breakthroughs for a sec because i feel like people are completely missing the point here. this is bigger than most realize
user-human,"New developments surrounding space exploration milestones have drawn significant attention from analysts and policymakers alike. Experts suggest the implications could be far-reaching, though the full impact remains to be seen. Multiple stakeholders are now calling for a coordinated response."
user-human,can we talk about artificial intelligence regulation for a sec because i feel like people are completely missing the point here. this is bigger than most realize
user-gpt,"A new study published today reveals that public transit investment. Researchers from several universities collaborated on the findings, which have been met with mixed reactions from the scientific community. The lead researcher said the results were unexpected but compelling."
user-human,"The concept of genomic research breakthroughs occupies a contested space within contemporary scholarly discourse. Divergent theoretical frameworks have produced inconsistent empirical findings, underscoring the need for methodological standardization. This paper proposes an integrative framework to reconcile competing interpretations."
user-human,The theoretical underpinnings of cryptocurrency market volatility have evolved considerably over the past two decades. What began as a niche area of inquiry has grown into a robust field with competing schools of thought. This review synthesizes key debates and identifies gaps that warrant further empirical investigation.
user-human,"The relationship between public transit investment and broader societal outcomes remains poorly understood despite growing interest in the field. This study contributes to the literature by analyzing a dataset of 1,200 cases across five geographic regions. Results indicate statistically significant correlations, though causality cannot be established from observational data alone."
user-gemini,"The relationship between algorithmic bias in hiring and broader societal outcomes remains poorly understood despite growing interest in the field. This study contributes to the literature by analyzing a dataset of 1,200 cases across five geographic regions. Results indicate statistically significant correlations, though causality cannot be established from observational data alone."
user-human,"A growing body of research underscores the salience of education reform debates as both an academic and practical concern. This paper synthesizes findings from 47 peer-reviewed studies published between 2018 and 2024, identifying converging themes and methodological limitations. The results have implications for theory development and applied practice."
user-human,okay so i just read about algorithmic bias in hiring and honestly?? i have so many thoughts. like WHY is this not getting more attention rn. thread ð§µð
user-human,okay so i just read about election integrity concerns and honestly?? i have so many thoughts. like WHY is this not getting more attention rn. thread ð§µð
user-human,okay so i just read about gene editing ethics and honestly?? i have so many thoughts. like WHY is this not getting more attention rn. thread ð§µð
user-human,"This paper examines mental health awareness campaigns through a critical lens, drawing on empirical evidence gathered over a two-year period. The findings suggest that existing frameworks are insufficient to explain observed phenomena. We propose a revised model that accounts for contextual variability and systemic factors previously overlooked in the literature."
user-gemini,"Officials confirmed on Friday that remote work productivity. The announcement came after weeks of speculation. Critics argue the move is premature, while supporters say it was long overdue. Public response has been divided along predictable lines."
user-gpt,"A growing body of research underscores the salience of genomic research breakthroughs as both an academic and practical concern. This paper synthesizes findings from 47 peer-reviewed studies published between 2018 and 2024, identifying converging themes and methodological limitations. The results have implications for theory development and applied practice."
user-gemini,"This study investigates the multifaceted dimensions of space exploration milestones, employing a mixed-methods approach to capture both quantitative patterns and qualitative nuances. The findings contribute to an evolving body of literature that challenges reductive theoretical models. Further longitudinal research is recommended to assess causal mechanisms."
user-human,"Analysts are closely watching developments related to student debt crisis, noting that recent events mark a potential turning point. The situation underscores long-standing structural issues that have resisted easy solutions. Observers remain cautiously optimistic about prospects for reform."
user-human,"Breaking- election integrity concerns. Sources close to the matter told reporters the situation developed rapidly over the past 48 hours. No official statement has been released, though a press conference is expected later today."
user-human,so water scarcity happened and my timeline is UNHINGED. some of you need to calm down and some of you need to be WAY more concerned tbh
user-human,just saw someone arguing that social media misinformation is fine and i am genuinely baffled. do people not understand how this works?? ð­
user-human,so gene editing ethics happened and my timeline is UNHINGED. some of you need to calm down and some of you need to be WAY more concerned tbh
user-human,hot take- student debt crisis is actually not that surprising if you have been paying attention. we have been saying this for years and nobody listened lol
user-human,update on digital divide in rural areas- it is complicated and anyone telling you otherwise is selling something. do your own research please
user-human,The theoretical underpinnings of climate change adaptation strategies have evolved considerably over the past two decades. What began as a niche area of inquiry has grown into a robust field with competing schools of thought. This review synthesizes key debates and identifies gaps that warrant further empirical investigation.
user-human,"The relationship between cybersecurity threats to infrastructure and broader societal outcomes remains poorly understood despite growing interest in the field. This study contributes to the literature by analyzing a dataset of 1,200 cases across five geographic regions. Results indicate statistically significant correlations, though causality cannot be established from observational data alone."
user-human,okay so i just read about supply chain disruptions and honestly?? i have so many thoughts. like WHY is this not getting more attention rn. thread ð§µð
user-gpt,The theoretical underpinnings of renewable energy adoption have evolved considerably over the past two decades. What began as a niche area of inquiry has grown into a robust field with competing schools of thought. This review synthesizes key debates and identifies gaps that warrant further empirical investigation.
user-human,"I have been thinking a lot about gene editing ethics lately, and I think we need to have a more nuanced conversation about it. The polarization is not helping anyone. Happy to discuss if you are open to it."
user-human,"Breaking- genomic research breakthroughs. Sources close to the matter told reporters the situation developed rapidly over the past 48 hours. No official statement has been released, though a press conference is expected later today."
user-human,hot take- genomic research breakthroughs is actually not that surprising if you have been paying attention. we have been saying this for years and nobody listened lol
user-human,The theoretical underpinnings of aging population challenges have evolved considerably over the past two decades. What began as a niche area of inquiry has grown into a robust field with competing schools of thought. This review synthesizes key debates and identifies gaps that warrant further empirical investigation.
user-human,update on algorithmic bias in hiring- it is complicated and anyone telling you otherwise is selling something. do your own research please
user-human,Recent scholarship on genomic research breakthroughs has largely focused on surface-level manifestations while neglecting underlying structural determinants. This article challenges dominant assumptions and calls for a more nuanced approach that integrates interdisciplinary perspectives. Implications for policy and practice are discussed in the concluding section.
user-human,so public transit investment happened and my timeline is UNHINGED. some of you need to calm down and some of you need to be WAY more concerned tbh
user-gemini,can we talk about education reform debates for a sec because i feel like people are completely missing the point here. this is bigger than most realize
user-human,"Analysts are closely watching developments related to remote work productivity, noting that recent events mark a potential turning point. The situation underscores long-standing structural issues that have resisted easy solutions. Observers remain cautiously optimistic about prospects for reform."
user-gemini,just saw someone arguing that remote work productivity is fine and i am genuinely baffled. do people not understand how this works?? ð­
user-human,The conversation around gig economy labor rights has intensified following the release of a comprehensive new report. The document highlights both progress made and persistent gaps that require urgent attention. International cooperation is being cited as essential to any meaningful solution.
user-gpt,"Officials confirmed on Thursday that climate change adaptation strategies. The announcement came after weeks of speculation. Critics argue the move is premature, while supporters say it was long overdue. Public response has been divided along predictable lines."
user-gpt,Just came across an article on student debt crisis and it is really making me reconsider some of my assumptions. Highly recommend giving it a read if you have not already.
user-human,"Existing literature on aging population challenges has predominantly relied on cross-sectional designs, limiting causal inference. The present research addresses this gap through a prospective cohort study spanning three years. Preliminary results indicate a statistically significant association (p less than 0.05) between key variables."
user-human,okay so i just read about data privacy legislation and honestly?? i have so many thoughts. like WHY is this not getting more attention rn. thread ð§µð
user-human,"Breaking- artificial intelligence regulation. Sources close to the matter told reporters the situation developed rapidly over the past 48 hours. No official statement has been released, though a press conference is expected later today."
user-gemini,Recent scholarship on artificial intelligence regulation has largely focused on surface-level manifestations while neglecting underlying structural determinants. This article challenges dominant assumptions and calls for a more nuanced approach that integrates interdisciplinary perspectives. Implications for policy and practice are discussed in the concluding section.
user-human,Really fascinating to see how quickly things are moving on data privacy legislation. There is so much potential here if we approach it thoughtfully. What are your thoughts?
user-human,"The relationship between election integrity concerns and broader societal outcomes remains poorly understood despite growing interest in the field. This study contributes to the literature by analyzing a dataset of 1,200 cases across five geographic regions. Results indicate statistically significant correlations, though causality cannot be established from observational data alone."
user-gemini,An investigation into economic inequality trends has uncovered new details that challenge the official narrative. Documents obtained through a freedom of information request suggest the issue is more complex than initially reported. Several key witnesses have declined to comment.
user-human,"This analysis examines cybersecurity threats to infrastructure within the broader context of systemic transformation, drawing on interdisciplinary frameworks from sociology, economics, and political science. The data suggest that intervention at multiple levels is necessary for sustainable change. Policy recommendations are offered in alignment with current evidence-based standards."
user-human,"This paper examines economic inequality trends through a critical lens, drawing on empirical evidence gathered over a two-year period. The findings suggest that existing frameworks are insufficient to explain observed phenomena. We propose a revised model that accounts for contextual variability and systemic factors previously overlooked in the literature."
user-human,"Officials confirmed on Tuesday that climate change adaptation strategies. The announcement came after weeks of speculation. Critics argue the move is premature, while supporters say it was long overdue. Public response has been divided along predictable lines."
user-human,"A new study published today reveals that artificial intelligence regulation. Researchers from several universities collaborated on the findings, which have been met with mixed reactions from the scientific community. The lead researcher said the results were unexpected but compelling."
user-human,Local authorities are responding to reports that cybersecurity threats to infrastructure. Emergency services were alerted at approximately 9 AM. The incident is under investigation. Residents in nearby areas have been asked to remain indoors as a precaution.
user-human,can we talk about antibiotic resistance for a sec because i feel like people are completely missing the point here. this is bigger than most realize
user-gpt,An investigation into gig economy labor rights has uncovered new details that challenge the official narrative. Documents obtained through a freedom of information request suggest the issue is more complex than initially reported. Several key witnesses have declined to comment.
user-human,"I have been thinking a lot about vaccine distribution challenges lately, and I think we need to have a more nuanced conversation about it. The polarization is not helping anyone. Happy to discuss if you are open to it."
user-gemini,Local authorities are responding to reports that data privacy legislation. Emergency services were alerted at approximately 9 AM. The incident is under investigation. Residents in nearby areas have been asked to remain indoors as a precaution.
user-human,"Been following the conversation about urban housing shortages for a while now â it is encouraging to see more people engaging with it seriously. We still have a long way to go, but progress is happening."
user-human,"The relationship between renewable energy adoption and broader societal outcomes remains poorly understood despite growing interest in the field. This study contributes to the literature by analyzing a dataset of 1,200 cases across five geographic regions. Results indicate statistically significant correlations, though causality cannot be established from observational data alone."
user-gemini,"Officials confirmed on Wednesday that student debt crisis. The announcement came after weeks of speculation. Critics argue the move is premature, while supporters say it was long overdue. Public response has been divided along predictable lines."
user-human,"Analysts are closely watching developments related to food security in developing nations, noting that recent events mark a potential turning point. The situation underscores long-standing structural issues that have resisted easy solutions. Observers remain cautiously optimistic about prospects for reform."
user-human,update on algorithmic bias in hiring- it is complicated and anyone telling you otherwise is selling something. do your own research please
user-human,idk why social media misinformation keeps coming up but every time it does the discourse gets worse. we need better conversations about this fr
user-human,hot take- mental health awareness campaigns is actually not that surprising if you have been paying attention. we have been saying this for years and nobody listened lol
user-gpt,just saw someone arguing that nuclear energy policy is fine and i am genuinely baffled. do people not understand how this works?? ð­
user-gemini,The discourse around cryptocurrency market volatility has become so exhausting. Can we please acknowledge the complexity here instead of reducing it to talking points?
user-gemini,"A growing body of research underscores the salience of genomic research breakthroughs as both an academic and practical concern. This paper synthesizes findings from 47 peer-reviewed studies published between 2018 and 2024, identifying converging themes and methodological limitations. The results have implications for theory development and applied practice."
user-human,"According to recently released data, nuclear energy policy is emerging as one of the defining challenges of the decade. Experts from leading institutions have outlined a series of recommendations aimed at addressing the root causes. Stakeholders across sectors are now engaged in dialogue to determine next steps."
user-human,just saw someone arguing that student debt crisis is fine and i am genuinely baffled. do people not understand how this works?? ð­
user-human,okay so i just read about economic inequality trends and honestly?? i have so many thoughts. like WHY is this not getting more attention rn. thread ð§µð
user-gemini,"This paper examines student debt crisis through a critical lens, drawing on empirical evidence gathered over a two-year period. The findings suggest that existing frameworks are insufficient to explain observed phenomena. We propose a revised model that accounts for contextual variability and systemic factors previously overlooked in the literature."
user-human,"This analysis examines algorithmic bias in hiring within the broader context of systemic transformation, drawing on interdisciplinary frameworks from sociology, economics, and political science. The data suggest that intervention at multiple levels is necessary for sustainable change. Policy recommendations are offered in alignment with current evidence-based standards."
user-human,An investigation into public transit investment has uncovered new details that challenge the official narrative. Documents obtained through a freedom of information request suggest the issue is more complex than initially reported. Several key witnesses have declined to comment.
user-human,so election integrity concerns happened and my timeline is UNHINGED. some of you need to calm down and some of you need to be WAY more concerned tbh
user-human,Local authorities are responding to reports that remote work productivity. Emergency services were alerted at approximately 9 AM. The incident is under investigation. Residents in nearby areas have been asked to remain indoors as a precaution.
user-human,"A new study published today reveals that supply chain disruptions. Researchers from several universities collaborated on the findings, which have been met with mixed reactions from the scientific community. The lead researcher said the results were unexpected but compelling."
user-human,"The relationship between digital divide in rural areas and broader societal outcomes remains poorly understood despite growing interest in the field. This study contributes to the literature by analyzing a dataset of 1,200 cases across five geographic regions. Results indicate statistically significant correlations, though causality cannot be established from observational data alone."
user-human,"This paper examines water scarcity through a critical lens, drawing on empirical evidence gathered over a two-year period. The findings suggest that existing frameworks are insufficient to explain observed phenomena. We propose a revised model that accounts for contextual variability and systemic factors previously overlooked in the literature."
user-gemini,The theoretical underpinnings of artificial intelligence regulation have evolved considerably over the past two decades. What began as a niche area of inquiry has grown into a robust field with competing schools of thought. This review synthesizes key debates and identifies gaps that warrant further empirical investigation.
user-gemini,"This analysis examines urban housing shortages within the broader context of systemic transformation, drawing on interdisciplinary frameworks from sociology, economics, and political science. The data suggest that intervention at multiple levels is necessary for sustainable change. Policy recommendations are offered in alignment with current evidence-based standards."
user-human,"The governance of aging population challenges presents unique challenges that existing regulatory frameworks are ill-equipped to address. Drawing on comparative case analysis across six jurisdictions, this study identifies best practices and areas of persistent failure. Recommendations are grounded in empirical evidence and stakeholder consultation."
user-gemini,"Breaking- public transit investment. Sources close to the matter told reporters the situation developed rapidly over the past 48 hours. No official statement has been released, though a press conference is expected later today."
user-gemini,The conversation around social media misinformation has intensified following the release of a comprehensive new report. The document highlights both progress made and persistent gaps that require urgent attention. International cooperation is being cited as essential to any meaningful solution.
user-gemini,The conversation around renewable energy adoption has intensified following the release of a comprehensive new report. The document highlights both progress made and persistent gaps that require urgent attention. International cooperation is being cited as essential to any meaningful solution.
user-gpt,Really fascinating to see how quickly things are moving on student debt crisis. There is so much potential here if we approach it thoughtfully. What are your thoughts?
user-human,"This study investigates the multifaceted dimensions of genomic research breakthroughs, employing a mixed-methods approach to capture both quantitative patterns and qualitative nuances. The findings contribute to an evolving body of literature that challenges reductive theoretical models. Further longitudinal research is recommended to assess causal mechanisms."
user-human,"Officials confirmed on Wednesday that election integrity concerns. The announcement came after weeks of speculation. Critics argue the move is premature, while supporters say it was long overdue. Public response has been divided along predictable lines."
user-gemini,so cryptocurrency market volatility happened and my timeline is UNHINGED. some of you need to calm down and some of you need to be WAY more concerned tbh
user-gpt,"Been following the conversation about public transit investment for a while now â it is encouraging to see more people engaging with it seriously. We still have a long way to go, but progress is happening."
user-human,The discourse around genomic research breakthroughs has become so exhausting. Can we please acknowledge the complexity here instead of reducing it to talking points?
user-gpt,idk why gene editing ethics keeps coming up but every time it does the discourse gets worse. we need better conversations about this fr
user-human,"This study investigates the multifaceted dimensions of climate change adaptation strategies, employing a mixed-methods approach to capture both quantitative patterns and qualitative nuances. The findings contribute to an evolving body of literature that challenges reductive theoretical models. Further longitudinal research is recommended to assess causal mechanisms."
user-gemini,"The relationship between student debt crisis and broader societal outcomes remains poorly understood despite growing interest in the field. This study contributes to the literature by analyzing a dataset of 1,200 cases across five geographic regions. Results indicate statistically significant correlations, though causality cannot be established from observational data alone."
user-human,"This analysis examines genomic research breakthroughs within the broader context of systemic transformation, drawing on interdisciplinary frameworks from sociology, economics, and political science. The data suggest that intervention at multiple levels is necessary for sustainable change. Policy recommendations are offered in alignment with current evidence-based standards."
user-gemini,just saw someone arguing that autonomous vehicle safety is fine and i am genuinely baffled. do people not understand how this works?? ð­
user-human,The conversation around algorithmic bias in hiring has intensified following the release of a comprehensive new report. The document highlights both progress made and persistent gaps that require urgent attention. International cooperation is being cited as essential to any meaningful solution.
user-human,so digital divide in rural areas happened and my timeline is UNHINGED. some of you need to calm down and some of you need to be WAY more concerned tbh
user-gpt,"Officials confirmed on Tuesday that genomic research breakthroughs. The announcement came after weeks of speculation. Critics argue the move is premature, while supporters say it was long overdue. Public response has been divided along predictable lines."
user-human,"Existing literature on election integrity concerns has predominantly relied on cross-sectional designs, limiting causal inference. The present research addresses this gap through a prospective cohort study spanning three years. Preliminary results indicate a statistically significant association (p less than 0.05) between key variables."
user-human,"Breaking- artificial intelligence regulation. Sources close to the matter told reporters the situation developed rapidly over the past 48 hours. No official statement has been released, though a press conference is expected later today."
user-human,okay so i just read about autonomous vehicle safety and honestly?? i have so many thoughts. like WHY is this not getting more attention rn. thread ð§µð
user-human,"Breaking- mental health awareness campaigns. Sources close to the matter told reporters the situation developed rapidly over the past 48 hours. No official statement has been released, though a press conference is expected later today."
user-gemini,can we talk about renewable energy adoption for a sec because i feel like people are completely missing the point here. this is bigger than most realize
user-gemini,The conversation around public transit investment has intensified following the release of a comprehensive new report. The document highlights both progress made and persistent gaps that require urgent attention. International cooperation is being cited as essential to any meaningful solution.
user-human,"Spent the morning reading about digital divide in rural areas and came away genuinely hopeful. Yes, the challenges are real, but so are the opportunities. Let is focus on solutions."
user-gemini,Recent scholarship on vaccine distribution challenges has largely focused on surface-level manifestations while neglecting underlying structural determinants. This article challenges dominant assumptions and calls for a more nuanced approach that integrates interdisciplinary perspectives. Implications for policy and practice are discussed in the concluding section.
user-gpt,"According to recently released data, biodiversity loss is emerging as one of the defining challenges of the decade. Experts from leading institutions have outlined a series of recommendations aimed at addressing the root causes. Stakeholders across sectors are now engaged in dialogue to determine next steps."
user-human,"The concept of aging population challenges occupies a contested space within contemporary scholarly discourse. Divergent theoretical frameworks have produced inconsistent empirical findings, underscoring the need for methodological standardization. This paper proposes an integrative framework to reconcile competing interpretations."
user-human,"The relationship between cryptocurrency market volatility and broader societal outcomes remains poorly understood despite growing interest in the field. This study contributes to the literature by analyzing a dataset of 1,200 cases across five geographic regions. Results indicate statistically significant correlations, though causality cannot be established from observational data alone."
user-human,just saw someone arguing that gig economy labor rights is fine and i am genuinely baffled. do people not understand how this works?? ð­
user-gpt,idk why nuclear energy policy keeps coming up but every time it does the discourse gets worse. we need better conversations about this fr
user-gemini,"This study investigates the multifaceted dimensions of climate change adaptation strategies, employing a mixed-methods approach to capture both quantitative patterns and qualitative nuances. The findings contribute to an evolving body of literature that challenges reductive theoretical models. Further longitudinal research is recommended to assess causal mechanisms."
user-gemini,"According to recently released data, food security in developing nations is emerging as one of the defining challenges of the decade. Experts from leading institutions have outlined a series of recommendations aimed at addressing the root causes. Stakeholders across sectors are now engaged in dialogue to determine next steps."
user-gpt,"According to recently released data, antibiotic resistance is emerging as one of the defining challenges of the decade. Experts from leading institutions have outlined a series of recommendations aimed at addressing the root causes. Stakeholders across sectors are now engaged in dialogue to determine next steps."
user-human,"This study investigates the multifaceted dimensions of gig economy labor rights, employing a mixed-methods approach to capture both quantitative patterns and qualitative nuances. The findings contribute to an evolving body of literature that challenges reductive theoretical models. Further longitudinal research is recommended to assess causal mechanisms."
user-gpt,idk why public transit investment keeps coming up but every time it does the discourse gets worse. we need better conversations about this fr
user-gemini,"Existing literature on cybersecurity threats to infrastructure has predominantly relied on cross-sectional designs, limiting causal inference. The present research addresses this gap through a prospective cohort study spanning three years. Preliminary results indicate a statistically significant association (p less than 0.05) between key variables."
user-gemini,"Been following the conversation about genomic research breakthroughs for a while now â it is encouraging to see more people engaging with it seriously. We still have a long way to go, but progress is happening."
user-gemini,The conversation around digital divide in rural areas has intensified following the release of a comprehensive new report. The document highlights both progress made and persistent gaps that require urgent attention. International cooperation is being cited as essential to any meaningful solution.
user-gemini,"Spent the morning reading about education reform debates and came away genuinely hopeful. Yes, the challenges are real, but so are the opportunities. Let is focus on solutions."
user-gemini,"The governance of genomic research breakthroughs presents unique challenges that existing regulatory frameworks are ill-equipped to address. Drawing on comparative case analysis across six jurisdictions, this study identifies best practices and areas of persistent failure. Recommendations are grounded in empirical evidence and stakeholder consultation."
user-human,The conversation around aging population challenges has intensified following the release of a comprehensive new report. The document highlights both progress made and persistent gaps that require urgent attention. International cooperation is being cited as essential to any meaningful solution.
user-human,An investigation into antibiotic resistance has uncovered new details that challenge the official narrative. Documents obtained through a freedom of information request suggest the issue is more complex than initially reported. Several key witnesses have declined to comment.
user-gemini,idk why election integrity concerns keeps coming up but every time it does the discourse gets worse. we need better conversations about this fr
user-human,"This analysis examines urban housing shortages within the broader context of systemic transformation, drawing on interdisciplinary frameworks from sociology, economics, and political science. The data suggest that intervention at multiple levels is necessary for sustainable change. Policy recommendations are offered in alignment with current evidence-based standards."
user-human,so cybersecurity threats to infrastructure happened and my timeline is UNHINGED. some of you need to calm down and some of you need to be WAY more concerned tbh
user-human,"This paper examines water scarcity through a critical lens, drawing on empirical evidence gathered over a two-year period. The findings suggest that existing frameworks are insufficient to explain observed phenomena. We propose a revised model that accounts for contextual variability and systemic factors previously overlooked in the literature."
user-gpt,idk why vaccine distribution challenges keeps coming up but every time it does the discourse gets worse. we need better conversations about this fr
user-human,"New developments surrounding nuclear energy policy have drawn significant attention from analysts and policymakers alike. Experts suggest the implications could be far-reaching, though the full impact remains to be seen. Multiple stakeholders are now calling for a coordinated response."
user-human,"The relationship between mental health awareness campaigns and broader societal outcomes remains poorly understood despite growing interest in the field. This study contributes to the literature by analyzing a dataset of 1,200 cases across five geographic regions. Results indicate statistically significant correlations, though causality cannot be established from observational data alone."
user-human,okay so i just read about urban housing shortages and honestly?? i have so many thoughts. like WHY is this not getting more attention rn. thread ð§µð
user-human,The theoretical underpinnings of food security in developing nations have evolved considerably over the past two decades. What began as a niche area of inquiry has grown into a robust field with competing schools of thought. This review synthesizes key debates and identifies gaps that warrant further empirical investigation.
user-gpt,idk why mental health awareness campaigns keeps coming up but every time it does the discourse gets worse. we need better conversations about this fr
user-gpt,"A significant shift in renewable energy adoption was reported this week, prompting reactions across political and scientific communities. The latest data, reviewed by independent experts, points to trends that challenge conventional assumptions. Officials have yet to release a formal response."
user-human,"This study investigates the multifaceted dimensions of aging population challenges, employing a mixed-methods approach to capture both quantitative patterns and qualitative nuances. The findings contribute to an evolving body of literature that challenges reductive theoretical models. Further longitudinal research is recommended to assess causal mechanisms."
user-gpt,"The relationship between student debt crisis and broader societal outcomes remains poorly understood despite growing interest in the field. This study contributes to the literature by analyzing a dataset of 1,200 cases across five geographic regions. Results indicate statistically significant correlations, though causality cannot be established from observational data alone."
user-human,Just came across an article on algorithmic bias in hiring and it is really making me reconsider some of my assumptions. Highly recommend giving it a read if you have not already.
user-gpt,idk why genomic research breakthroughs keeps coming up but every time it does the discourse gets worse. we need better conversations about this fr
user-human,"A significant shift in gene editing ethics was reported this week, prompting reactions across political and scientific communities. The latest data, reviewed by independent experts, points to trends that challenge conventional assumptions. Officials have yet to release a formal response."
user-gpt,can we talk about aging population challenges for a sec because i feel like people are completely missing the point here. this is bigger than most realize
user-human,"I have been thinking a lot about space exploration milestones lately, and I think we need to have a more nuanced conversation about it. The polarization is not helping anyone. Happy to discuss if you are open to it."
user-human,Local authorities are responding to reports that aging population challenges. Emergency services were alerted at approximately 9 AM. The incident is under investigation. Residents in nearby areas have been asked to remain indoors as a precaution.
user-human,Recent scholarship on urban housing shortages has largely focused on surface-level manifestations while neglecting underlying structural determinants. This article challenges dominant assumptions and calls for a more nuanced approach that integrates interdisciplinary perspectives. Implications for policy and practice are discussed in the concluding section.
user-gemini,"The relationship between digital divide in rural areas and broader societal outcomes remains poorly understood despite growing interest in the field. This study contributes to the literature by analyzing a dataset of 1,200 cases across five geographic regions. Results indicate statistically significant correlations, though causality cannot be established from observational data alone."
user-human,"According to recently released data, genomic research breakthroughs is emerging as one of the defining challenges of the decade. Experts from leading institutions have outlined a series of recommendations aimed at addressing the root causes. Stakeholders across sectors are now engaged in dialogue to determine next steps."
user-human,update on vaccine distribution challenges- it is complicated and anyone telling you otherwise is selling something. do your own research please
user-human,idk why algorithmic bias in hiring keeps coming up but every time it does the discourse gets worse. we need better conversations about this fr
user-gpt,"Breaking- election integrity concerns. Sources close to the matter told reporters the situation developed rapidly over the past 48 hours. No official statement has been released, though a press conference is expected later today."
user-human,Concerns over aging population challenges continue to mount as new evidence emerges. A coalition of researchers has issued an open letter urging immediate action. The debate reflects deeper tensions about resource allocation and long-term planning.
user-gpt,update on cryptocurrency market volatility- it is complicated and anyone telling you otherwise is selling something. do your own research please
user-human,"The concept of remote work productivity occupies a contested space within contemporary scholarly discourse. Divergent theoretical frameworks have produced inconsistent empirical findings, underscoring the need for methodological standardization. This paper proposes an integrative framework to reconcile competing interpretations."
user-human,The theoretical underpinnings of cryptocurrency market volatility have evolved considerably over the past two decades. What began as a niche area of inquiry has grown into a robust field with competing schools of thought. This review synthesizes key debates and identifies gaps that warrant further empirical investigation.
user-gemini,"The relationship between education reform debates and broader societal outcomes remains poorly understood despite growing interest in the field. This study contributes to the literature by analyzing a dataset of 1,200 cases across five geographic regions. Results indicate statistically significant correlations, though causality cannot be established from observational data alone."
user-human,"This analysis examines student debt crisis within the broader context of systemic transformation, drawing on interdisciplinary frameworks from sociology, economics, and political science. The data suggest that intervention at multiple levels is necessary for sustainable change. Policy recommendations are offered in alignment with current evidence-based standards."
user-gemini,The theoretical underpinnings of renewable energy adoption have evolved considerably over the past two decades. What began as a niche area of inquiry has grown into a robust field with competing schools of thought. This review synthesizes key debates and identifies gaps that warrant further empirical investigation.
user-human,"Been following the conversation about nuclear energy policy for a while now â it is encouraging to see more people engaging with it seriously. We still have a long way to go, but progress is happening."
user-gemini,The theoretical underpinnings of public transit investment have evolved considerably over the past two decades. What began as a niche area of inquiry has grown into a robust field with competing schools of thought. This review synthesizes key debates and identifies gaps that warrant further empirical investigation.
user-gpt,"This analysis examines genomic research breakthroughs within the broader context of systemic transformation, drawing on interdisciplinary frameworks from sociology, economics, and political science. The data suggest that intervention at multiple levels is necessary for sustainable change. Policy recommendations are offered in alignment with current evidence-based standards."
user-human,"New developments surrounding cryptocurrency market volatility have drawn significant attention from analysts and policymakers alike. Experts suggest the implications could be far-reaching, though the full impact remains to be seen. Multiple stakeholders are now calling for a coordinated response."
user-human,"A new study published today reveals that cybersecurity threats to infrastructure. Researchers from several universities collaborated on the findings, which have been met with mixed reactions from the scientific community. The lead researcher said the results were unexpected but compelling."
user-human,hot take- algorithmic bias in hiring is actually not that surprising if you have been paying attention. we have been saying this for years and nobody listened lol
user-human,Recent scholarship on economic inequality trends has largely focused on surface-level manifestations while neglecting underlying structural determinants. This article challenges dominant assumptions and calls for a more nuanced approach that integrates interdisciplinary perspectives. Implications for policy and practice are discussed in the concluding section.
user-human,Recent scholarship on urban housing shortages has largely focused on surface-level manifestations while neglecting underlying structural determinants. This article challenges dominant assumptions and calls for a more nuanced approach that integrates interdisciplinary perspectives. Implications for policy and practice are discussed in the concluding section.
user-human,update on economic inequality trends- it is complicated and anyone telling you otherwise is selling something. do your own research please
user-human,Recent scholarship on antibiotic resistance has largely focused on surface-level manifestations while neglecting underlying structural determinants. This article challenges dominant assumptions and calls for a more nuanced approach that integrates interdisciplinary perspectives. Implications for policy and practice are discussed in the concluding section.
user-gpt,can we talk about remote work productivity for a sec because i feel like people are completely missing the point here. this is bigger than most realize
user-gpt,"Existing literature on gene editing ethics has predominantly relied on cross-sectional designs, limiting causal inference. The present research addresses this gap through a prospective cohort study spanning three years. Preliminary results indicate a statistically significant association (p less than 0.05) between key variables."
user-human,"A significant shift in artificial intelligence regulation was reported this week, prompting reactions across political and scientific communities. The latest data, reviewed by independent experts, points to trends that challenge conventional assumptions. Officials have yet to release a formal response."
user-human,"This paper examines renewable energy adoption through a critical lens, drawing on empirical evidence gathered over a two-year period. The findings suggest that existing frameworks are insufficient to explain observed phenomena. We propose a revised model that accounts for contextual variability and systemic factors previously overlooked in the literature."
user-human,okay so i just read about food security in developing nations and honestly?? i have so many thoughts. like WHY is this not getting more attention rn. thread ð§µð
user-human,"A new study published today reveals that algorithmic bias in hiring. Researchers from several universities collaborated on the findings, which have been met with mixed reactions from the scientific community. The lead researcher said the results were unexpected but compelling."
user-human,hot take- mental health awareness campaigns is actually not that surprising if you have been paying attention. we have been saying this for years and nobody listened lol
user-human,"The relationship between public transit investment and broader societal outcomes remains poorly understood despite growing interest in the field. This study contributes to the literature by analyzing a dataset of 1,200 cases across five geographic regions. Results indicate statistically significant correlations, though causality cannot be established from observational data alone."
user-gemini,"The relationship between education reform debates and broader societal outcomes remains poorly understood despite growing interest in the field. This study contributes to the literature by analyzing a dataset of 1,200 cases across five geographic regions. Results indicate statistically significant correlations, though causality cannot be established from observational data alone."
user-human,"This analysis examines renewable energy adoption within the broader context of systemic transformation, drawing on interdisciplinary frameworks from sociology, economics, and political science. The data suggest that intervention at multiple levels is necessary for sustainable change. Policy recommendations are offered in alignment with current evidence-based standards."
user-human,"This paper examines space exploration milestones through a critical lens, drawing on empirical evidence gathered over a two-year period. The findings suggest that existing frameworks are insufficient to explain observed phenomena. We propose a revised model that accounts for contextual variability and systemic factors previously overlooked in the literature."
user-human,"This paper examines student debt crisis through a critical lens, drawing on empirical evidence gathered over a two-year period. The findings suggest that existing frameworks are insufficient to explain observed phenomena. We propose a revised model that accounts for contextual variability and systemic factors previously overlooked in the literature."
user-human,"A new study published today reveals that antibiotic resistance. Researchers from several universities collaborated on the findings, which have been met with mixed reactions from the scientific community. The lead researcher said the results were unexpected but compelling."
user-human,"The relationship between education reform debates and broader societal outcomes remains poorly understood despite growing interest in the field. This study contributes to the literature by analyzing a dataset of 1,200 cases across five geographic regions. Results indicate statistically significant correlations, though causality cannot be established from observational data alone."
user-gemini,"The relationship between climate change adaptation strategies and broader societal outcomes remains poorly understood despite growing interest in the field. This study contributes to the literature by analyzing a dataset of 1,200 cases across five geographic regions. Results indicate statistically significant correlations, though causality cannot be established from observational data alone."
user-human,"The governance of gene editing ethics presents unique challenges that existing regulatory frameworks are ill-equipped to address. Drawing on comparative case analysis across six jurisdictions, this study identifies best practices and areas of persistent failure. Recommendations are grounded in empirical evidence and stakeholder consultation."
user-human,hot take- education reform debates is actually not that surprising if you have been paying attention. we have been saying this for years and nobody listened lol
user-gpt,idk why artificial intelligence regulation keeps coming up but every time it does the discourse gets worse. we need better conversations about this fr
user-gpt,Concerns over election integrity concerns continue to mount as new evidence emerges. A coalition of researchers has issued an open letter urging immediate action. The debate reflects deeper tensions about resource allocation and long-term planning.
user-human,"A significant shift in biodiversity loss was reported this week, prompting reactions across political and scientific communities. The latest data, reviewed by independent experts, points to trends that challenge conventional assumptions. Officials have yet to release a formal response."
user-human,The theoretical underpinnings of cybersecurity threats to infrastructure have evolved considerably over the past two decades. What began as a niche area of inquiry has grown into a robust field with competing schools of thought. This review synthesizes key debates and identifies gaps that warrant further empirical investigation.
user-human,"This paper examines autonomous vehicle safety through a critical lens, drawing on empirical evidence gathered over a two-year period. The findings suggest that existing frameworks are insufficient to explain observed phenomena. We propose a revised model that accounts for contextual variability and systemic factors previously overlooked in the literature."
user-human,"A new study published today reveals that economic inequality trends. Researchers from several universities collaborated on the findings, which have been met with mixed reactions from the scientific community. The lead researcher said the results were unexpected but compelling."
user-gpt,Local authorities are responding to reports that autonomous vehicle safety. Emergency services were alerted at approximately 9 AM. The incident is under investigation. Residents in nearby areas have been asked to remain indoors as a precaution.
user-human,"New developments surrounding climate change adaptation strategies have drawn significant attention from analysts and policymakers alike. Experts suggest the implications could be far-reaching, though the full impact remains to be seen. Multiple stakeholders are now calling for a coordinated response."
user-gpt,"Breaking- supply chain disruptions. Sources close to the matter told reporters the situation developed rapidly over the past 48 hours. No official statement has been released, though a press conference is expected later today."
user-human,Concerns over urban housing shortages continue to mount as new evidence emerges. A coalition of researchers has issued an open letter urging immediate action. The debate reflects deeper tensions about resource allocation and long-term planning.
user-gemini,Local authorities are responding to reports that space exploration milestones. Emergency services were alerted at approximately 9 AM. The incident is under investigation. Residents in nearby areas have been asked to remain indoors as a precaution.
user-human,"Spent the morning reading about renewable energy adoption and came away genuinely hopeful. Yes, the challenges are real, but so are the opportunities. Let is focus on solutions."
user-human,update on education reform debates- it is complicated and anyone telling you otherwise is selling something. do your own research please
user-human,idk why public transit investment keeps coming up but every time it does the discourse gets worse. we need better conversations about this fr
user-human,"A new study published today reveals that election integrity concerns. Researchers from several universities collaborated on the findings, which have been met with mixed reactions from the scientific community. The lead researcher said the results were unexpected but compelling."
user-human,okay so i just read about gene editing ethics and honestly?? i have so many thoughts. like WHY is this not getting more attention rn. thread ð§µð
user-human,The theoretical underpinnings of cybersecurity threats to infrastructure have evolved considerably over the past two decades. What began as a niche area of inquiry has grown into a robust field with competing schools of thought. This review synthesizes key debates and identifies gaps that warrant further empirical investigation.
user-human,can we talk about urban housing shortages for a sec because i feel like people are completely missing the point here. this is bigger than most realize
user-gemini,idk why climate change adaptation strategies keeps coming up but every time it does the discourse gets worse. we need better conversations about this fr
user-gpt,"Spent the morning reading about urban housing shortages and came away genuinely hopeful. Yes, the challenges are real, but so are the opportunities. Let is focus on solutions."
user-gpt,"I have been thinking a lot about water scarcity lately, and I think we need to have a more nuanced conversation about it. The polarization is not helping anyone. Happy to discuss if you are open to it."
user-gemini,Concerns over public transit investment continue to mount as new evidence emerges. A coalition of researchers has issued an open letter urging immediate action. The debate reflects deeper tensions about resource allocation and long-term planning.
user-human,"Spent the morning reading about aging population challenges and came away genuinely hopeful. Yes, the challenges are real, but so are the opportunities. Let is focus on solutions."
user-gpt,hot take- aging population challenges is actually not that surprising if you have been paying attention. we have been saying this for years and nobody listened lol
user-gemini,The discourse around space exploration milestones has become so exhausting. Can we please acknowledge the complexity here instead of reducing it to talking points?
user-human,"According to recently released data, algorithmic bias in hiring is emerging as one of the defining challenges of the decade. Experts from leading institutions have outlined a series of recommendations aimed at addressing the root causes. Stakeholders across sectors are now engaged in dialogue to determine next steps."
user-human,so biodiversity loss happened and my timeline is UNHINGED. some of you need to calm down and some of you need to be WAY more concerned tbh
user-human,idk why cryptocurrency market volatility keeps coming up but every time it does the discourse gets worse. we need better conversations about this fr
user-human,Local authorities are responding to reports that student debt crisis. Emergency services were alerted at approximately 9 AM. The incident is under investigation. Residents in nearby areas have been asked to remain indoors as a precaution.
user-human,can we talk about algorithmic bias in hiring for a sec because i feel like people are completely missing the point here. this is bigger than most realize
user-gpt,"A new study published today reveals that urban housing shortages. Researchers from several universities collaborated on the findings, which have been met with mixed reactions from the scientific community. The lead researcher said the results were unexpected but compelling."
user-gpt,"I have been thinking a lot about cryptocurrency market volatility lately, and I think we need to have a more nuanced conversation about it. The polarization is not helping anyone. Happy to discuss if you are open to it."
user-human,"A significant shift in student debt crisis was reported this week, prompting reactions across political and scientific communities. The latest data, reviewed by independent experts, points to trends that challenge conventional assumptions. Officials have yet to release a formal response."
user-human,hot take- cybersecurity threats to infrastructure is actually not that surprising if you have been paying attention. we have been saying this for years and nobody listened lol
user-human,okay so i just read about food security in developing nations and honestly?? i have so many thoughts. like WHY is this not getting more attention rn. thread ð§µð
user-human,An investigation into student debt crisis has uncovered new details that challenge the official narrative. Documents obtained through a freedom of information request suggest the issue is more complex than initially reported. Several key witnesses have declined to comment.
user-human,"The relationship between mental health awareness campaigns and broader societal outcomes remains poorly understood despite growing interest in the field. This study contributes to the literature by analyzing a dataset of 1,200 cases across five geographic regions. Results indicate statistically significant correlations, though causality cannot be established from observational data alone."
user-human,An investigation into aging population challenges has uncovered new details that challenge the official narrative. Documents obtained through a freedom of information request suggest the issue is more complex than initially reported. Several key witnesses have declined to comment.
user-gpt,"This paper examines urban housing shortages through a critical lens, drawing on empirical evidence gathered over a two-year period. The findings suggest that existing frameworks are insufficient to explain observed phenomena. We propose a revised model that accounts for contextual variability and systemic factors previously overlooked in the literature."
user-human,"New developments surrounding cybersecurity threats to infrastructure have drawn significant attention from analysts and policymakers alike. Experts suggest the implications could be far-reaching, though the full impact remains to be seen. Multiple stakeholders are now calling for a coordinated response."
user-human,Recent scholarship on urban housing shortages has largely focused on surface-level manifestations while neglecting underlying structural determinants. This article challenges dominant assumptions and calls for a more nuanced approach that integrates interdisciplinary perspectives. Implications for policy and practice are discussed in the concluding section.
user-human,idk why aging population challenges keeps coming up but every time it does the discourse gets worse. we need better conversations about this fr
user-human,"A new study published today reveals that food security in developing nations. Researchers from several universities collaborated on the findings, which have been met with mixed reactions from the scientific community. The lead researcher said the results were unexpected but compelling."
user-human,The theoretical underpinnings of remote work productivity have evolved considerably over the past two decades. What began as a niche area of inquiry has grown into a robust field with competing schools of thought. This review synthesizes key debates and identifies gaps that warrant further empirical investigation.
user-human,An investigation into renewable energy adoption has uncovered new details that challenge the official narrative. Documents obtained through a freedom of information request suggest the issue is more complex than initially reported. Several key witnesses have declined to comment.
user-human,An investigation into digital divide in rural areas has uncovered new details that challenge the official narrative. Documents obtained through a freedom of information request suggest the issue is more complex than initially reported. Several key witnesses have declined to comment.
user-gpt,hot take- gene editing ethics is actually not that surprising if you have been paying attention. we have been saying this for years and nobody listened lol
user-gpt,"New developments surrounding remote work productivity have drawn significant attention from analysts and policymakers alike. Experts suggest the implications could be far-reaching, though the full impact remains to be seen. Multiple stakeholders are now calling for a coordinated response."
user-human,"The concept of antibiotic resistance occupies a contested space within contemporary scholarly discourse. Divergent theoretical frameworks have produced inconsistent empirical findings, underscoring the need for methodological standardization. This paper proposes an integrative framework to reconcile competing interpretations."
user-gemini,so data privacy legislation happened and my timeline is UNHINGED. some of you need to calm down and some of you need to be WAY more concerned tbh
user-human,"Spent the morning reading about antibiotic resistance and came away genuinely hopeful. Yes, the challenges are real, but so are the opportunities. Let is focus on solutions."
user-human,idk why cybersecurity threats to infrastructure keeps coming up but every time it does the discourse gets worse. we need better conversations about this fr
user-human,just saw someone arguing that nuclear energy policy is fine and i am genuinely baffled. do people not understand how this works?? ð­
user-human,The theoretical underpinnings of space exploration milestones have evolved considerably over the past two decades. What began as a niche area of inquiry has grown into a robust field with competing schools of thought. This review synthesizes key debates and identifies gaps that warrant further empirical investigation.
user-human,hot take- space exploration milestones is actually not that surprising if you have been paying attention. we have been saying this for years and nobody listened lol
user-human,"Breaking- genomic research breakthroughs. Sources close to the matter told reporters the situation developed rapidly over the past 48 hours. No official statement has been released, though a press conference is expected later today."
user-human,The theoretical underpinnings of biodiversity loss have evolved considerably over the past two decades. What began as a niche area of inquiry has grown into a robust field with competing schools of thought. This review synthesizes key debates and identifies gaps that warrant further empirical investigation.
user-human,"A new study published today reveals that antibiotic resistance. Researchers from several universities collaborated on the findings, which have been met with mixed reactions from the scientific community. The lead researcher said the results were unexpected but compelling."
user-gemini,"Breaking- artificial intelligence regulation. Sources close to the matter told reporters the situation developed rapidly over the past 48 hours. No official statement has been released, though a press conference is expected later today."
user-human,"A growing body of research underscores the salience of supply chain disruptions as both an academic and practical concern. This paper synthesizes findings from 47 peer-reviewed studies published between 2018 and 2024, identifying converging themes and methodological limitations. The results have implications for theory development and applied practice."
user-human,"This paper examines biodiversity loss through a critical lens, drawing on empirical evidence gathered over a two-year period. The findings suggest that existing frameworks are insufficient to explain observed phenomena. We propose a revised model that accounts for contextual variability and systemic factors previously overlooked in the literature."
user-human,can we talk about cryptocurrency market volatility for a sec because i feel like people are completely missing the point here. this is bigger than most realize
user-gemini,The theoretical underpinnings of public transit investment have evolved considerably over the past two decades. What began as a niche area of inquiry has grown into a robust field with competing schools of thought. This review synthesizes key debates and identifies gaps that warrant further empirical investigation.
user-human,"Spent the morning reading about aging population challenges and came away genuinely hopeful. Yes, the challenges are real, but so are the opportunities. Let is focus on solutions."
user-human,An investigation into gene editing ethics has uncovered new details that challenge the official narrative. Documents obtained through a freedom of information request suggest the issue is more complex than initially reported. Several key witnesses have declined to comment.
user-gpt,local authorities are responding to reports that mental health awareness campaigns. Emergency services were alerted at approximately 9 AM. The incident is under investigation. Residents in nearby areas have been asked to remain indoors as a precaution.
user-human,"I have been thinking a lot about nuclear energy policy lately, and I think we need to have a more nuanced conversation about it. The polarization is not helping anyone. Happy to discuss if you are open to it."
user-gemini,just saw someone arguing that student debt crisis is fine and i am genuinely baffled. do people not understand how this works?? ð­
user-gpt,The conversation around supply chain disruptions has intensified following the release of a comprehensive new report. The document highlights both progress made and persistent gaps that require urgent attention. International cooperation is being cited as essential to any meaningful solution.
user-gpt,"A significant shift in vaccine distribution challenges was reported this week, prompting reactions across political and scientific communities. The latest data, reviewed by independent experts, points to trends that challenge conventional assumptions. Officials have yet to release a formal response."
user-gemini,"New developments surrounding urban housing shortages have drawn significant attention from analysts and policymakers alike. Experts suggest the implications could be far-reaching, though the full impact remains to be seen. Multiple stakeholders are now calling for a coordinated response."
user-human,The conversation around urban housing shortages has intensified following the release of a comprehensive new report. The document highlights both progress made and persistent gaps that require urgent attention. International cooperation is being cited as essential to any meaningful solution.
user-gemini,"Breaking- vaccine distribution challenges. Sources close to the matter told reporters the situation developed rapidly over the past 48 hours. No official statement has been released, though a press conference is expected later today."
user-gpt,"A growing body of research underscores the salience of cybersecurity threats to infrastructure as both an academic and practical concern. This paper synthesizes findings from 47 peer-reviewed studies published between 2018 and 2024, identifying converging themes and methodological limitations. The results have implications for theory development and applied practice."
user-human,"A significant shift in supply chain disruptions was reported this week, prompting reactions across political and scientific communities. The latest data, reviewed by independent experts, points to trends that challenge conventional assumptions. Officials have yet to release a formal response."
user-human,an investigation into aging population challenges has uncovered new details that challenge the official narrative. Documents obtained through a freedom of information request suggest the issue is more complex than initially reported. Several key witnesses have declined to comment.
user-human,An investigation into remote work productivity has uncovered new details that challenge the official narrative. Documents obtained through a freedom of information request suggest the issue is more complex than initially reported. Several key witnesses have declined to comment.
user-human,Recent scholarship on food security in developing nations has largely focused on surface-level manifestations while neglecting underlying structural determinants. This article challenges dominant assumptions and calls for a more nuanced approach that integrates interdisciplinary perspectives. Implications for policy and practice are discussed in the concluding section.
user-gemini,can we talk about nuclear energy policy for a sec because i feel like people are completely missing the point here. this is bigger than most realize
user-gemini,"Spent the morning reading about gig economy labor rights and came away genuinely hopeful. Yes, the challenges are real, but so are the opportunities. Let is focus on solutions."
user-human,"Been following the conversation about student debt crisis for a while now â it is encouraging to see more people engaging with it seriously. We still have a long way to go, but progress is happening."
user-gemini,"This paper examines mental health awareness campaigns through a critical lens, drawing on empirical evidence gathered over a two-year period. The findings suggest that existing frameworks are insufficient to explain observed phenomena. We propose a revised model that accounts for contextual variability and systemic factors previously overlooked in the literature."
user-human,"According to recently released data, economic inequality trends is emerging as one of the defining challenges of the decade. Experts from leading institutions have outlined a series of recommendations aimed at addressing the root causes. Stakeholders across sectors are now engaged in dialogue to determine next steps."
user-gemini,An investigation into renewable energy adoption has uncovered new details that challenge the official narrative. Documents obtained through a freedom of information request suggest the issue is more complex than initially reported. Several key witnesses have declined to comment.
user-human,"According to recently released data, student debt crisis is emerging as one of the defining challenges of the decade. Experts from leading institutions have outlined a series of recommendations aimed at addressing the root causes. Stakeholders across sectors are now engaged in dialogue to determine next steps."
user-human,Recent scholarship on algorithmic bias in hiring has largely focused on surface-level manifestations while neglecting underlying structural determinants. This article challenges dominant assumptions and calls for a more nuanced approach that integrates interdisciplinary perspectives. Implications for policy and practice are discussed in the concluding section.
user-gemini,can we talk about artificial intelligence regulation for a sec because i feel like people are completely missing the point here. this is bigger than most realize
user-human,"Analysts are closely watching developments related to cryptocurrency market volatility, noting that recent events mark a potential turning point. The situation underscores long-standing structural issues that have resisted easy solutions. Observers remain cautiously optimistic about prospects for reform."
user-human,The theoretical underpinnings of supply chain disruptions have evolved considerably over the past two decades. What began as a niche area of inquiry has grown into a robust field with competing schools of thought. This review synthesizes key debates and identifies gaps that warrant further empirical investigation.
user-human,"A new study published today reveals that education reform debates. Researchers from several universities collaborated on the findings, which have been met with mixed reactions from the scientific community. The lead researcher said the results were unexpected but compelling."
user-human,"Breaking- digital divide in rural areas. Sources close to the matter told reporters the situation developed rapidly over the past 48 hours. No official statement has been released, though a press conference is expected later today."
user-human,An investigation into climate change adaptation strategies has uncovered new details that challenge the official narrative. Documents obtained through a freedom of information request suggest the issue is more complex than initially reported. Several key witnesses have declined to comment.
user-human,idk why gene editing ethics keeps coming up but every time it does the discourse gets worse. we need better conversations about this fr
user-gpt,idk why renewable energy adoption keeps coming up but every time it does the discourse gets worse. we need better conversations about this fr
user-human,"Existing literature on artificial intelligence regulation has predominantly relied on cross-sectional designs, limiting causal inference. The present research addresses this gap through a prospective cohort study spanning three years. Preliminary results indicate a statistically significant association (p less than 0.05) between key variables."
user-human,"A new study published today reveals that autonomous vehicle safety. Researchers from several universities collaborated on the findings, which have been met with mixed reactions from the scientific community. The lead researcher said the results were unexpected but compelling."
user-human,recent scholarship on autonomous vehicle safety has largely focused on surface-level manifestations while neglecting underlying structural determinants. This article challenges dominant assumptions and calls for a more nuanced approach that integrates interdisciplinary perspectives. Implications for policy and practice are discussed in the concluding section.
user-human,"A new study published today reveals that mental health awareness campaigns. Researchers from several universities collaborated on the findings, which have been met with mixed reactions from the scientific community. The lead researcher said the results were unexpected but compelling."
user-human,idk why digital divide in rural areas keeps coming up but every time it does the discourse gets worse. we need better conversations about this fr
user-gemini,"A new study published today reveals that algorithmic bias in hiring. Researchers from several universities collaborated on the findings, which have been met with mixed reactions from the scientific community. The lead researcher said the results were unexpected but compelling."
user-gpt,Really fascinating to see how quickly things are moving on genomic research breakthroughs. There is so much potential here if we approach it thoughtfully. What are your thoughts?
user-gemini,Just came across an article on food security in developing nations and it is really making me reconsider some of my assumptions. Highly recommend giving it a read if you have not already.
user-human,"Been following the conversation about election integrity concerns for a while now â it is encouraging to see more people engaging with it seriously. We still have a long way to go, but progress is happening."
user-gpt,The theoretical underpinnings of economic inequality trends have evolved considerably over the past two decades. What began as a niche area of inquiry has grown into a robust field with competing schools of thought. This review synthesizes key debates and identifies gaps that warrant further empirical investigation.
user-gemini,"Existing literature on autonomous vehicle safety has predominantly relied on cross-sectional designs, limiting causal inference. The present research addresses this gap through a prospective cohort study spanning three years. Preliminary results indicate a statistically significant association (p less than 0.05) between key variables."
user-human,"The governance of cryptocurrency market volatility presents unique challenges that existing regulatory frameworks are ill-equipped to address. Drawing on comparative case analysis across six jurisdictions, this study identifies best practices and areas of persistent failure. Recommendations are grounded in empirical evidence and stakeholder consultation."
user-human,An investigation into renewable energy adoption has uncovered new details that challenge the official narrative. Documents obtained through a freedom of information request suggest the issue is more complex than initially reported. Several key witnesses have declined to comment.
user-human,so election integrity concerns happened and my timeline is UNHINGED. some of you need to calm down and some of you need to be WAY more concerned tbh
user-human,"The relationship between climate change adaptation strategies and broader societal outcomes remains poorly understood despite growing interest in the field. This study contributes to the literature by analyzing a dataset of 1,200 cases across five geographic regions. Results indicate statistically significant correlations, though causality cannot be established from observational data alone."
user-human,the theoretical underpinnings of election integrity concerns have evolved considerably over the past two decades. What began as a niche area of inquiry has grown into a robust field with competing schools of thought. This review synthesizes key debates and identifies gaps that warrant further empirical investigation.
user-human,"The relationship between vaccine distribution challenges and broader societal outcomes remains poorly understood despite growing interest in the field. This study contributes to the literature by analyzing a dataset of 1,200 cases across five geographic regions. Results indicate statistically significant correlations, though causality cannot be established from observational data alone."
user-human,"A new study published today reveals that gene editing ethics. Researchers from several universities collaborated on the findings, which have been met with mixed reactions from the scientific community. The lead researcher said the results were unexpected but compelling."
user-human,Recent scholarship on cybersecurity threats to infrastructure has largely focused on surface-level manifestations while neglecting underlying structural determinants. This article challenges dominant assumptions and calls for a more nuanced approach that integrates interdisciplinary perspectives. Implications for policy and practice are discussed in the concluding section.
user-human,Recent scholarship on artificial intelligence regulation has largely focused on surface-level manifestations while neglecting underlying structural determinants. This article challenges dominant assumptions and calls for a more nuanced approach that integrates interdisciplinary perspectives. Implications for policy and practice are discussed in the concluding section.
user-gemini,"The relationship between mental health awareness campaigns and broader societal outcomes remains poorly understood despite growing interest in the field. This study contributes to the literature by analyzing a dataset of 1,200 cases across five geographic regions. Results indicate statistically significant correlations, though causality cannot be established from observational data alone."
user-human,"Spent the morning reading about water scarcity and came away genuinely hopeful. Yes, the challenges are real, but so are the opportunities. Let is focus on solutions."
user-human,hot take- cybersecurity threats to infrastructure is actually not that surprising if you have been paying attention. we have been saying this for years and nobody listened lol
user-gpt,hot take- remote work productivity is actually not that surprising if you have been paying attention. we have been saying this for years and nobody listened lol
user-human,"New developments surrounding food security in developing nations have drawn significant attention from analysts and policymakers alike. Experts suggest the implications could be far-reaching, though the full impact remains to be seen. Multiple stakeholders are now calling for a coordinated response."
user-gemini,okay so i just read about biodiversity loss and honestly?? i have so many thoughts. like WHY is this not getting more attention rn. thread ð§µð
user-human,"The governance of renewable energy adoption presents unique challenges that existing regulatory frameworks are ill-equipped to address. Drawing on comparative case analysis across six jurisdictions, this study identifies best practices and areas of persistent failure. Recommendations are grounded in empirical evidence and stakeholder consultation."
user-human,Recent scholarship on remote work productivity has largely focused on surface-level manifestations while neglecting underlying structural determinants. This article challenges dominant assumptions and calls for a more nuanced approach that integrates interdisciplinary perspectives. Implications for policy and practice are discussed in the concluding section.
user-human,"The relationship between vaccine distribution challenges and broader societal outcomes remains poorly understood despite growing interest in the field. This study contributes to the literature by analyzing a dataset of 1,200 cases across five geographic regions. Results indicate statistically significant correlations, though causality cannot be established from observational data alone."
user-human,Local authorities are responding to reports that economic inequality trends. Emergency services were alerted at approximately 9 AM. The incident is under investigation. Residents in nearby areas have been asked to remain indoors as a precaution.
user-gemini,local authorities are responding to reports that artificial intelligence regulation. Emergency services were alerted at approximately 9 AM. The incident is under investigation. Residents in nearby areas have been asked to remain indoors as a precaution.
user-human,The conversation around renewable energy adoption has intensified following the release of a comprehensive new report. The document highlights both progress made and persistent gaps that require urgent attention. International cooperation is being cited as essential to any meaningful solution.
user-gpt,idk why gene editing ethics keeps coming up but every time it does the discourse gets worse. we need better conversations about this fr
user-human,Just came across an article on social media misinformation and it is really making me reconsider some of my assumptions. Highly recommend giving it a read if you have not already.
user-human,An investigation into water scarcity has uncovered new details that challenge the official narrative. Documents obtained through a freedom of information request suggest the issue is more complex than initially reported. Several key witnesses have declined to comment.
user-gpt,The theoretical underpinnings of gene editing ethics have evolved considerably over the past two decades. What began as a niche area of inquiry has grown into a robust field with competing schools of thought. This review synthesizes key debates and identifies gaps that warrant further empirical investigation.
user-human,Just came across an article on biodiversity loss and it is really making me reconsider some of my assumptions. Highly recommend giving it a read if you have not already.
user-human,just saw someone arguing that biodiversity loss is fine and i am genuinely baffled. do people not understand how this works?? ð­
user-gemini,"this paper examines space exploration milestones through a critical lens, drawing on empirical evidence gathered over a two-year period. The findings suggest that existing frameworks are insufficient to explain observed phenomena. We propose a revised model that accounts for contextual variability and systemic factors previously overlooked in the literature."
user-gemini,"Analysts are closely watching developments related to public transit investment, noting that recent events mark a potential turning point. The situation underscores long-standing structural issues that have resisted easy solutions. Observers remain cautiously optimistic about prospects for reform."
user-human,Really fascinating to see how quickly things are moving on aging population challenges. There is so much potential here if we approach it thoughtfully. What are your thoughts?
user-human,just saw someone arguing that public transit investment is fine and i am genuinely baffled. do people not understand how this works?? ð­
user-gemini,Recent scholarship on artificial intelligence regulation has largely focused on surface-level manifestations while neglecting underlying structural determinants. This article challenges dominant assumptions and calls for a more nuanced approach that integrates interdisciplinary perspectives. Implications for policy and practice are discussed in the concluding section.
user-human,The conversation around digital divide in rural areas has intensified following the release of a comprehensive new report. The document highlights both progress made and persistent gaps that require urgent attention. International cooperation is being cited as essential to any meaningful solution.
user-human,"Officials confirmed on Monday that remote work productivity. The announcement came after weeks of speculation. Critics argue the move is premature, while supporters say it was long overdue. Public response has been divided along predictable lines."
user-human,Local authorities are responding to reports that food security in developing nations. Emergency services were alerted at approximately 9 AM. The incident is under investigation. Residents in nearby areas have been asked to remain indoors as a precaution.
user-human,"Breaking- autonomous vehicle safety. Sources close to the matter told reporters the situation developed rapidly over the past 48 hours. No official statement has been released, though a press conference is expected later today."
user-gpt,Recent scholarship on nuclear energy policy has largely focused on surface-level manifestations while neglecting underlying structural determinants. This article challenges dominant assumptions and calls for a more nuanced approach that integrates interdisciplinary perspectives. Implications for policy and practice are discussed in the concluding section.
user-gemini,"I have been thinking a lot about antibiotic resistance lately, and I think we need to have a more nuanced conversation about it. The polarization is not helping anyone. Happy to discuss if you are open to it."
user-human,The conversation around economic inequality trends has intensified following the release of a comprehensive new report. The document highlights both progress made and persistent gaps that require urgent attention. International cooperation is being cited as essential to any meaningful solution.
user-gemini,"A new study published today reveals that algorithmic bias in hiring. Researchers from several universities collaborated on the findings, which have been met with mixed reactions from the scientific community. The lead researcher said the results were unexpected but compelling."
user-human,Really fascinating to see how quickly things are moving on food security in developing nations. There is so much potential here if we approach it thoughtfully. What are your thoughts?
user-gpt,"Breaking- vaccine distribution challenges. Sources close to the matter told reporters the situation developed rapidly over the past 48 hours. No official statement has been released, though a press conference is expected later today."
user-human,"Existing literature on digital divide in rural areas has predominantly relied on cross-sectional designs, limiting causal inference. The present research addresses this gap through a prospective cohort study spanning three years. Preliminary results indicate a statistically significant association (p less than 0.05) between key variables."
user-human,can we talk about remote work productivity for a sec because i feel like people are completely missing the point here. this is bigger than most realize
user-gemini,"Breaking- genomic research breakthroughs. Sources close to the matter told reporters the situation developed rapidly over the past 48 hours. No official statement has been released, though a press conference is expected later today."
user-gpt,"A growing body of research underscores the salience of public transit investment as both an academic and practical concern. This paper synthesizes findings from 47 peer-reviewed studies published between 2018 and 2024, identifying converging themes and methodological limitations. The results have implications for theory development and applied practice."
user-human,"New developments surrounding biodiversity loss have drawn significant attention from analysts and policymakers alike. Experts suggest the implications could be far-reaching, though the full impact remains to be seen. Multiple stakeholders are now calling for a coordinated response."
user-gpt,The theoretical underpinnings of mental health awareness campaigns have evolved considerably over the past two decades. What began as a niche area of inquiry has grown into a robust field with competing schools of thought. This review synthesizes key debates and identifies gaps that warrant further empirical investigation.
user-gpt,"New developments surrounding algorithmic bias in hiring have drawn significant attention from analysts and policymakers alike. Experts suggest the implications could be far-reaching, though the full impact remains to be seen. Multiple stakeholders are now calling for a coordinated response."
user-gpt,The discourse around economic inequality trends has become so exhausting. Can we please acknowledge the complexity here instead of reducing it to talking points?
user-human,"The concept of space exploration milestones occupies a contested space within contemporary scholarly discourse. Divergent theoretical frameworks have produced inconsistent empirical findings, underscoring the need for methodological standardization. This paper proposes an integrative framework to reconcile competing interpretations."
user-gemini,The theoretical underpinnings of climate change adaptation strategies have evolved considerably over the past two decades. What began as a niche area of inquiry has grown into a robust field with competing schools of thought. This review synthesizes key debates and identifies gaps that warrant further empirical investigation.
user-gpt,Really fascinating to see how quickly things are moving on autonomous vehicle safety. There is so much potential here if we approach it thoughtfully. What are your thoughts?
#N/A,"I have been thinking a lot about cybersecurity threats to infrastructure lately, and I think we need to have a more nuanced conversation about it. The polarization is not helping anyone. Happy to discuss if you are open to it."